0.0503
0.0542
0.0535
0.9399
0.9380
0.9375
0.9350
0.9350
0.9336
0.9287
0.8891
0.3302
0.4615
0.4850
0.4930
0.4965
0.4960
0.4991
0.4989
0.4972
0.5018
0.5028
0.5011
0.5006
0.5028
0.5023
0.0032
0.0103
0.0144
0.0151
0.0205
0.0234
0.0208
0.0225
0.0274
0.0330
0.0347
0.0330
0.0352
0.0430
0.0452
0.0457
0.0484
0.0442
0.0515
0.0503
0.0540
0.0503
0.0540
0.9380
0.9385
0.9375
0.9350
0.9328
0.9328
0.9211
0.0024
0.4349
0.4796
0.4894
0.4950
0.4979
0.4996
0.5011
0.5006
0.5021
0.5006
0.5013
0.5009
0.5028
0.5023
0.0037
0.0037
0.0071
0.0120
0.0168
0.0159
0.0195
0.0222
0.0249
0.0274
0.0303
0.0376
0.0376
0.0415
0.0444
0.0413
0.0464
0.0464
0.0454
0.0513
0.0547
0.0554
0.0584
0.9392
0.9375
0.9385
0.9336
0.9336
0.9336
0.9284
0.0010
0.3697
0.4659
0.4884
0.4950
0.4979
0.4989
0.4994
0.5001
0.5004
0.5016
0.4984
0.4994
0.5006
0.5001
0.4996
0.0090
0.0115
0.0120
0.0117
0.0200
0.0208
0.0259
0.0242
0.0249
0.0288
0.0357
0.0391
0.0374
0.0413
0.0383
0.0476
0.0479
0.0440
0.0503
0.0535
0.0508
0.0567
0.0269
0.9387
0.9380
0.9375
0.9348
0.9331
0.9321
0.9138
0.0029
0.4540
0.4838
0.4923
0.4935
0.4974
0.4991
0.5001
0.5009
0.5021
0.5018
0.4999
0.5011
0.5021
0.5026
0.0037
0.0051
0.0115
0.0115
0.0171
0.0215
0.0222
0.0254
0.0252
0.0266
0.0305
0.0325
0.0364
0.0354
0.0388
0.0459
0.0454
0.0442
0.0462
0.0501
0.0496
0.0554
0.0567
0.9387
0.9370
0.9368
0.9358
0.9355
0.9311
0.9260
0.0015
0.4117
0.4745
0.4874
0.4947
0.4962
0.4994
0.4994
0.4979
0.4979
0.5001
0.5004
0.5013
0.4999
0.5009
0.2977
0.0039
0.0061
0.0117
0.0181
0.0198
0.0203
0.0215
0.0286
0.0293
0.0349
0.0369
0.0352
0.0364
0.0415
0.0449
0.0437
0.0488
0.0515
0.0484
0.0488
0.0510
0.0554
0.9409
0.9360
0.9382
0.9355
0.9346
0.9328
0.9275
0.2200
0.3538
0.4640
0.4764
0.4916
0.4950
0.5057
0.4979
0.4977
0.5004
0.4982
0.4991
0.4991
0.5006
0.5006
0.5011
0.0032
0.0061
0.0142
0.0159
0.0176
0.0208
0.0200
0.0252
0.0252
0.0295
0.0361
0.0374
0.0357
0.0425
0.0444
0.0454
0.0479
0.0471
0.0508
0.0515
0.0559
0.0532
0.0542
0.9372
0.9380
0.9421
0.9355
0.9309
0.9321
0.9197
0.0039
0.4420
0.4818
0.4911
0.4943
0.4965
0.4977
0.4987
0.4989
0.5001
0.4996
0.4999
0.5001
0.5013
0.5004
0.0027
0.0063
0.0134
0.0156
0.0151
0.0203
0.0203
0.0278
0.0303
0.0322
0.0332
0.0339
0.0403
0.0418
0.0442
0.0430
0.0427
0.0432
0.0484
0.0530
0.0523
0.0601
0.0562
0.9407
0.9392
0.9372
0.9365
0.9333
0.9326
0.9275
0.0034
0.3895
0.4723
0.4862
0.4947
0.4969
0.4984
0.5009
0.4989
0.5021
0.5011
0.5006
0.5006
0.5026
0.4984
0.4989
0.0095
0.0112
0.0125
0.0159
0.0173
0.0249
0.0200
0.0254
0.0283
0.0269
0.0300
0.0357
0.0383
0.0418
0.0403
0.0457
0.0479
0.0493
0.0510
0.0481
0.0501
0.0498
0.0271
0.9407
0.9363
0.9336
0.9277
0.9324
0.9292
0.9109
0.2994
0.4567
0.4840
0.4904
0.4967
0.4994
0.4982
0.5001
0.5013
0.5004
0.4999
0.4991
0.5016
0.5021
0.5028
0.0088
0.0063
0.0117
0.0156
0.0178
0.0215
0.0220
0.0230
0.0288
0.0320
0.0332
0.0332
0.0376
0.0379
0.0420
0.0396
0.0462
0.0430
0.0452
0.0469
0.0471
0.0527
0.0547
0.9397
0.9375
0.9375
0.9350
0.9346
0.9311
0.9263
0.0034
0.4227
0.4762
0.4904
0.4933
0.4972
0.4982
0.4996
0.4991
0.4991
0.5013
0.4987
0.5011
0.5023
0.5016
0.0088
0.0068
0.0120
0.0090
0.0137
0.0156
0.0225
0.0261
0.0278
0.0305
0.0322
0.0332
0.0327
0.0391
0.0361
0.0418
0.0444
0.0449
0.0486
0.0454
0.0557
0.0484
0.0579
0.9390
0.9375
0.9375
0.9368
0.9355
0.9321
0.9263
0.0205
0.3546
0.4632
0.4872
0.4926
0.4957
0.4957
0.4987
0.5001
0.4994
0.5006
0.5023
0.5013
0.5004
0.5011
0.5023
0.0078
0.0071
0.0139
0.0122
0.0147
0.0176
0.0208
0.0259
0.0259
0.0332
0.0330
0.0320
0.0342
0.0408
0.0376
0.0413
0.0462
0.0476
0.0493
0.0449
0.0518
0.0513
0.0547
0.9377
0.9372
0.9370
0.9346
0.9348
0.9309
0.9177
0.0010
0.4454
0.4808
0.4899
0.4957
0.4977
0.4994
0.5001
0.5001
0.5021
0.4989
0.5013
0.5011
0.5006
0.5050
0.0056
0.0042
0.0049
0.0137
0.0139
0.0205
0.0188
0.0205
0.0232
0.0271
0.0337
0.0342
0.0366
0.0379
0.0425
0.0437
0.0420
0.0479
0.0474
0.0503
0.0498
0.0527
0.0537
0.9390
0.9360
0.9382
0.9360
0.9348
0.9324
0.9272
0.0020
0.3871
0.4730
0.4860
0.4945
0.4967
0.4982
0.4987
0.4938
0.5004
0.5001
0.4999
0.5018
0.4989
0.5011
0.5009
0.0051
0.0085
0.0107
0.0110
0.0168
0.0161
0.0254
0.0254
0.0313
0.0303
0.0352
0.0347
0.0379
0.0410
0.0430
0.0430
0.0442
0.0464
0.0469
0.0466
0.0462
0.0474
0.0271
0.9385
0.9387
0.9385
0.9350
0.9341
0.9309
0.9082
0.2982
0.4593
0.4811
0.4911
0.4955
0.4979
0.4969
0.5006
0.4989
0.5013
0.5006
0.5016
0.5009
0.4991
0.5023
0.0039
0.0054
0.0122
0.0156
0.0129
0.0203
0.0230
0.0259
0.0247
0.0291
0.0288
0.0283
0.0364
0.0386
0.0359
0.0371
0.0381
0.0457
0.0454
0.0479
0.0503
0.0488
0.0508
0.9387
0.9370
0.9363
0.9341
0.9341
0.9316
0.9233
0.0010
0.4188
0.4745
0.4882
0.4938
0.4955
0.4984
0.5004
0.4987
0.5004
0.5004
0.5021
0.5011
0.5021
0.5021
0.0061
0.0056
0.0056
0.0083
0.0132
0.0161
0.0181
0.0242
0.0244
0.0252
0.0315
0.0327
0.0342
0.0313
0.0335
0.0405
0.0418
0.0430
0.0422
0.0442
0.0425
0.0454
0.0447
0.9370
0.9387
0.9370
0.9370
0.9343
0.9316
0.9265
0.0051
0.3553
0.4657
0.4845
0.4906
0.4945
0.4967
0.4991
0.5004
0.5009
0.4987
0.5011
0.5013
0.5013
0.5011
0.5001
0.0078
0.0090
0.0107
0.0147
0.0151
0.0200
0.0198
0.0252
0.0247
0.0264
0.0300
0.0322
0.0352
0.0337
0.0386
0.0383
0.0396
0.0366
0.0440
0.0444
0.0459
0.0454
0.0496
0.9380
0.9397
0.9365
0.9341
0.9331
0.9299
0.9192
0.0039
0.4427
0.4808
0.4896
0.4955
0.4984
0.4996
0.4994
0.4979
0.4996
0.5011
0.5021
0.5011
0.5004
0.5013
0.0061
0.0093
0.0063
0.0088
0.0144
0.0147
0.0203
0.0171
0.0264
0.0278
0.0264
0.0330
0.0313
0.0352
0.0308
0.0386
0.0376
0.0364
0.0405
0.0430
0.0403
0.0425
0.0496
0.9377
0.9375
0.9372
0.9338
0.9350
0.9319
0.9258
0.0010
0.4122
0.4737
0.4874
0.4935
0.4960
0.4960
0.4996
0.5009
0.4996
0.5011
0.5004
0.4994
0.5026
0.5004
0.4989
0.0073
0.0081
0.0117
0.0156
0.0173
0.0205
0.0222
0.0198
0.0266
0.0276
0.0291
0.0274
0.0344
0.0322
0.0337
0.0337
0.0405
0.0396
0.0396
0.0391
0.0462
0.0476
0.9397
0.9375
0.9385
0.9350
0.9363
0.9321
0.9294
0.8867
0.3309
0.4601
0.4857
0.4930
0.4955
0.4957
0.4987
0.4991
0.5006
0.5016
0.5004
0.5004
0.5018
0.5021
0.5011
0.0056
0.0098
0.0081
0.0144
0.0166
0.0144
0.0212
0.0205
0.0212
0.0254
0.0330
0.0305
0.0347
0.0327
0.0352
0.0383
0.0403
0.0376
0.0403
0.0391
0.0408
0.0457
0.0437
0.9382
0.9372
0.9375
0.9365
0.9328
0.9306
0.9199
0.0000
0.4342
0.4777
0.4889
0.4952
0.4955
0.4984
0.4994
0.4996
0.5011
0.4979
0.5009
0.5013
0.4991
0.5004
0.0012
0.0039
0.0088
0.0129
0.0125
0.0149
0.0161
0.0178
0.0193
0.0269
0.0288
0.0261
0.0281
0.0352
0.0376
0.0364
0.0366
0.0400
0.0430
0.0381
0.0425
0.0405
0.0474
0.9387
0.9370
0.9390
0.9360
0.9350
0.9324
0.9265
0.0039
0.3695
0.4645
0.4842
0.4904
0.4943
0.4979
0.4979
0.4982
0.5016
0.5001
0.5013
0.5011
0.4994
0.5001
0.5006
0.0073
0.0093
0.0112
0.0132
0.0171
0.0151
0.0171
0.0227
0.0264
0.0234
0.0247
0.0288
0.0315
0.0315
0.0361
0.0386
0.0403
0.0366
0.0398
0.0398
0.0444
0.0427
0.0220
0.9392
0.9385
0.9372
0.9365
0.9348
0.9287
0.9155
0.0017
0.4530
0.4799
0.4904
0.4945
0.4984
0.4969
0.4977
0.4977
0.4994
0.5001
0.5016
0.4989
0.4996
0.4991
0.0015
0.0071
0.0066
0.0142
0.0098
0.0127
0.0205
0.0176
0.0237
0.0256
0.0256
0.0271
0.0320
0.0342
0.0364
0.0327
0.0403
0.0366
0.0425
0.0437
0.0449
0.0413
0.0454
0.9390
0.9392
0.9368
0.9375
0.9341
0.9314
0.9270
0.0029
0.4105
0.4733
0.4891
0.4928
0.4967
0.4969
0.4982
0.4979
0.5006
0.4994
0.4994
0.4994
0.5023
0.5001
0.0063
0.0061
0.0078
0.0073
0.0149
0.0176
0.0147
0.0195
0.0186
0.0205
0.0269
0.0271
0.0332
0.0344
0.0298
0.0357
0.0332
0.0398
0.0371
0.0376
0.0457
0.0457
0.0410
0.9360
0.9370
0.9360
0.9360
0.9353
0.9328
0.9294
0.2432
0.3512
0.4640
0.4850
0.4930
0.4952
0.4982
0.4991
0.4974
0.4989
0.5006
0.4989
0.4996
0.4996
0.4996
0.5023
0.0073
0.0061
0.0088
0.0132
0.0168
0.0139
0.0208
0.0208
0.0269
0.0266
0.0274
0.0266
0.0327
0.0335
0.0313
0.0337
0.0396
0.0374
0.0386
0.0374
0.0427
0.0413
0.0415
0.9399
0.9365
0.9368
0.9350
0.9336
0.9311
0.9194
0.0000
0.4462
0.4806
0.4891
0.4935
0.4972
0.4979
0.4984
0.5006
0.5004
0.5009
0.5013
0.5021
0.4977
0.5011
0.0024
0.0029
0.0068
0.0095
0.0115
0.0120
0.0195
0.0193
0.0244
0.0256
0.0266
0.0286
0.0325
0.0283
0.0359
0.0335
0.0381
0.0410
0.0418
0.0376
0.0432
0.0400
0.0464
0.9372
0.9358
0.9392
0.9348
0.9355
0.9316
0.9280
0.0012
0.3893
0.4716
0.4860
0.4950
0.4945
0.4952
0.4984
0.4979
0.4979
0.5004
0.5009
0.4984
0.5001
0.4982
0.5004
0.0071
0.0093
0.0117
0.0122
0.0144
0.0134
0.0161
0.0188
0.0256
0.0269
0.0281
0.0305
0.0347
0.0286
0.0320
0.0335
0.0400
0.0391
0.0410
0.0415
0.0400
0.0405
0.0230
0.9368
0.9375
0.9380
0.9348
0.9346
0.9289
0.9096
0.2969
0.4557
0.4830
0.4906
0.4965
0.4955
0.4987
0.5001
0.4979
0.4969
0.5033
0.5006
0.4991
0.5011
0.5016
0.0078
0.0093
0.0112
0.0107
0.0166
0.0186
0.0193
0.0173
0.0222
0.0234
0.0286
0.0300
0.0269
0.0337
0.0352
0.0327
0.0381
0.0371
0.0405
0.0408
0.0393
0.0396
0.0440
0.9385
0.9370
0.9375
0.9341
0.9348
0.9316
0.9270
0.0012
0.4190
0.4759
0.4869
0.4921
0.4950
0.4972
0.4991
0.4977
0.5021
0.4991
0.4999
0.4999
0.4996
0.5021
0.0063
0.0022
0.0059
0.0081
0.0147
0.0129
0.0205
0.0195
0.0242
0.0200
0.0259
0.0244
0.0313
0.0315
0.0322
0.0335
0.0317
0.0357
0.0379
0.0366
0.0379
0.0400
0.0442
0.9363
0.9370
0.9372
0.9350
0.9350
0.9336
0.9280
0.0430
0.3531
0.4628
0.4838
0.4901
0.4965
0.4979
0.4984
0.4982
0.5009
0.4989
0.5001
0.5023
0.4987
0.5035
0.5011
0.0032
0.0042
0.0120
0.0132
0.0176
0.0171
0.0222
0.0200
0.0215
0.0239
0.0288
0.0320
0.0342
0.0354
0.0344
0.0386
0.0364
0.0359
0.0386
0.0391
0.0415
0.0420
0.0484
0.9390
0.9372
0.9385
0.9341
0.9348
0.9316
0.9182
0.0000
0.4449
0.4806
0.4891
0.4943
0.4911
0.4989
0.4974
0.4999
0.4974
0.4979
0.5011
0.5018
0.5011
0.4982
0.0010
0.0093
0.0078
0.0100
0.0166
0.0144
0.0156
0.0176
0.0208
0.0222
0.0276
0.0269
0.0288
0.0327
0.0327
0.0342
0.0391
0.0374
0.0379
0.0408
0.0437
0.0462
0.0420
0.9382
0.9380
0.9363
0.9360
0.9348
0.9331
0.9292
0.0000
0.3878
0.4723
0.4872
0.4926
0.4974
0.4989
0.4977
0.5001
0.5009
0.4989
0.5004
0.5021
0.5021
0.5013
0.5016
0.0042
0.0061
0.0129
0.0142
0.0149
0.0137
0.0203
0.0242
0.0256
0.0230
0.0305
0.0269
0.0342
0.0313
0.0327
0.0388
0.0391
0.0359
0.0376
0.0452
0.0457
0.0405
0.0186
0.9390
0.9397
0.9370
0.9355
0.9336
0.9297
0.9070
0.2989
0.4571
0.4808
0.4908
0.4952
0.4960
0.4972
0.5006
0.4982
0.5004
0.4982
0.5006
0.4996
0.5013
0.4994
0.0059
0.0088
0.0105
0.0147
0.0166
0.0159
0.0190
0.0181
0.0203
0.0274
0.0313
0.0293
0.0271
0.0352
0.0332
0.0332
0.0359
0.0396
0.0405
0.0381
0.0427
0.0442
0.0425
0.9370
0.9382
0.9363
0.9348
0.9348
0.9316
0.9245
0.0063
0.4193
0.4703
0.4874
0.4926
0.4965
0.4977
0.4979
0.4999
0.5011
0.4982
0.5006
0.5004
0.5004
0.5001
0.0049
0.0027
0.0110
0.0103
0.0142
0.0178
0.0195
0.0230
0.0237
0.0222
0.0295
0.0261
0.0293
0.0335
0.0379
0.0371
0.0379
0.0361
0.0425
0.0437
0.0413
0.0425
0.0457
0.9365
0.9387
0.9363
0.9429
0.9399
0.9331
0.9280
0.0010
0.3538
0.4647
0.4845
0.4916
0.4955
0.4969
0.4967
0.4984
0.5092
0.5026
0.4989
0.4994
0.5011
0.4979
0.5028
0.0027
0.0095
0.0068
0.0147
0.0166
0.0190
0.0208
0.0190
0.0212
0.0286
0.0274
0.0303
0.0295
0.0330
0.0364
0.0349
0.0386
0.0418
0.0488
0.0444
0.0440
0.0481
0.0493
0.9380
0.9363
0.9333
0.9346
0.9343
0.9275
0.9189
0.0039
0.4418
0.4816
0.4884
0.4938
0.4965
0.4994
0.5004
0.4994
0.4994
0.5016
0.5021
0.5006
0.5009
0.5016
0.0073
0.0039
0.0088
0.0100
0.0122
0.0156
0.0210
0.0220
0.0261
0.0244
0.0266
0.0308
0.0359
0.0383
0.0357
0.0408
0.0420
0.0422
0.0459
0.0422
0.0454
0.0454
0.0496
0.9385
0.9382
0.9365
0.9360
0.9338
0.9328
0.9280
0.0061
0.3868
0.4696
0.4872
0.4935
0.4962
0.4977
0.4987
0.5001
0.5009
0.5016
0.5004
0.4996
0.5023
0.5004
0.5016
0.0078
0.0071
0.0078
0.0154
0.0156
0.0190
0.0220
0.0266
0.0293
0.0256
0.0266
0.0313
0.0354
0.0357
0.0366
0.0396
0.0415
0.0440
0.0452
0.0430
0.0493
0.0491
0.3502
0.9370
0.9375
0.9370
0.9353
0.9346
0.9282
0.9109
0.2965
0.4571
0.4842
0.4913
0.4960
0.4960
0.4974
0.4982
0.4999
0.4989
0.5011
0.5009
0.5011
0.5021
0.5001
0.0093
0.0098
0.0132
0.0093
0.0139
0.0176
0.0234
0.0247
0.0278
0.0330
0.0293
0.0322
0.0393
0.0369
0.0381
0.0410
0.0476
0.0498
0.0481
0.0525
0.0549
0.0513
0.0564
0.9380
0.9394
0.9380
0.9355
0.9350
0.9321
0.9243
0.0005
0.4225
0.4725
0.4879
0.4945
0.4965
0.4982
0.4987
0.4994
0.4999
0.5013
0.5006
0.5001
0.5016
0.5004
0.0024
0.0044
0.0078
0.0142
0.0156
0.0244
0.0259
0.0271
0.0256
0.0286
0.0366
0.0352
0.0425
0.0447
0.0462
0.0454
0.0510
0.0525
0.0547
0.0515
0.0564
0.0601
0.0562
0.9390
0.9382
0.9372
0.9360
0.9346
0.9324
0.9309
0.0320
0.3524
0.4618
0.4862
0.4943
0.4965
0.4974
0.4974
0.4974
0.4999
0.5016
0.4991
0.5028
0.4994
0.4994
0.5021
0.0034
0.0110
0.0127
0.0112
0.0168
0.0186
0.0212
0.0256
0.0322
0.0288
0.0379
0.0344
0.0398
0.0413
0.0464
0.0440
0.0469
0.0513
0.0496
0.0518
0.0557
0.0576
0.0586
0.9397
0.9380
0.9355
0.9346
0.9350
0.9294
0.9214
0.0044
0.4364
0.4794
0.4904
0.4940
0.4962
0.4987
0.4994
0.4977
0.4991
0.5001
0.4996
0.5009
0.5011
0.4994
0.0073
0.0107
0.0081
0.0103
0.0139
0.0227
0.0242
0.0264
0.0264
0.0286
0.0332
0.0327
0.0398
0.0413
0.0432
0.0418
0.0493
0.0479
0.0503
0.0542
0.0530
0.0564
0.0579
0.9375
0.9372
0.9360
0.9358
0.9336
0.9306
0.9284
0.0017
0.3712
0.4684
0.4860
0.4935
0.4969
0.4962
0.4977
0.4984
0.4994
0.4994
0.5009
0.5021
0.5004
0.5004
0.5009
0.0095
0.0139
0.0107
0.0125
0.0171
0.0188
0.0242
0.0278
0.0278
0.0369
0.0374
0.0357
0.0391
0.0462
0.0488
0.0484
0.0518
0.0525
0.0515
0.0523
0.0591
0.0654
0.0264
0.9370
0.9375
0.9348
0.9326
0.9314
0.9292
0.9116
0.0042
0.4557
0.4816
0.4908
0.4960
0.4987
0.4989
0.5011
0.5009
0.4979
0.4987
0.5028
0.5001
0.5006
0.5028
0.0076
0.0105
0.0117
0.0122
0.0203
0.0239
0.0269
0.0274
0.0274
0.0352
0.0366
0.0361
0.0444
0.0422
0.0425
0.0501
0.0493
0.0542
0.0513
0.0557
0.0562
0.0567
0.0650
0.9387
0.9370
0.9350
0.9336
0.9331
0.9302
0.9253
0.0059
0.4125
0.4708
0.4896
0.4911
0.4965
0.4969
0.4989
0.4979
0.5016
0.5013
0.4996
0.5016
0.5001
0.5004
0.5023
0.0046
0.0112
0.0137
0.0134
0.0220
0.0210
0.0286
0.0315
0.0293
0.0337
0.0381
0.0371
0.0393
0.0440
0.0484
0.0508
0.0525
0.0515
0.0518
0.0571
0.0542
0.0559
0.9424
0.9382
0.9343
0.9360
0.9346
0.9341
0.9272
0.8852
0.3336
0.4637
0.4855
0.4943
0.4960
0.4979
0.4991
0.5001
0.4989
0.5001
0.5023
0.5026
0.4996
0.4996
0.5004
0.0090
0.0098
0.0085
0.0190
0.0215
0.0217
0.0222
0.0256
0.0335
0.0369
0.0381
0.0432
0.0425
0.0432
0.0459
0.0493
0.0557
0.0525
0.0576
0.0598
0.0613
0.0584
0.0628
0.9375
0.9390
0.9368
0.9368
0.9338
0.9297
0.9194
0.0042
0.4386
0.4786
0.4906
0.4957
0.4965
0.5001
0.5018
0.4991
0.4996
0.5023
0.5006
0.5004
0.5006
0.5028
0.0020
0.0105
0.0117
0.0139
0.0137
0.0215
0.0210
0.0230
0.0303
0.0342
0.0332
0.0352
0.0393
0.0396
0.0442
0.0422
0.0452
0.0510
0.0535
0.0525
0.0549
0.0579
0.0547
0.9407
0.9394
0.9375
0.9365
0.9355
0.9316
0.9280
0.0029
0.3736
0.4681
0.4855
0.4926
0.4938
0.4965
0.4989
0.5001
0.5016
0.5001
0.5016
0.5023
0.5004
0.5009
0.5021
0.0078
0.0078
0.0083
0.0127
0.0129
0.0210
0.0320
0.0237
0.0300
0.0322
0.0342
0.0317
0.0337
0.0369
0.0403
0.0425
0.0462
0.0449
0.0484
0.0515
0.0518
0.0486
0.0271
0.9365
0.9385
0.9363
0.9333
0.9336
0.9287
0.9162
0.0029
0.4530
0.4840
0.4899
0.4965
0.4960
0.5001
0.4972
0.4979
0.4991
0.5023
0.4996
0.5021
0.5023
0.4989
0.0039
0.0051
0.0068
0.0156
0.0176
0.0176
0.0222
0.0203
0.0234
0.0303
0.0322
0.0298
0.0317
0.0413
0.0366
0.0410
0.0420
0.0452
0.0469
0.0469
0.0466
0.0496
0.0474
0.9365
0.9370
0.9368
0.9375
0.9333
0.9311
0.9248
0.0044
0.4134
0.4718
0.4896
0.4921
0.4950
0.4982
0.4996
0.4989
0.4989
0.4994
0.5006
0.4996
0.5018
0.5023
0.5011
0.0051
0.0107
0.0139
0.0168
0.0200
0.0171
0.0234
0.0227
0.0244
0.0313
0.0315
0.0315
0.0320
0.0386
0.0398
0.0386
0.0440
0.0420
0.0474
0.0476
0.0505
0.0508
0.9419
0.9387
0.9372
0.9375
0.9341
0.9365
0.9238
0.8901
0.3226
0.4608
0.4842
0.4930
0.4947
0.4965
0.4969
0.5009
0.5009
0.4994
0.5004
0.5021
0.5021
0.5021
0.5031
0.0032
0.0112
0.0105
0.0100
0.0171
0.0205
0.0190
0.0247
0.0227
0.0252
0.0274
0.0361
0.0376
0.0325
0.0386
0.0410
0.0408
0.0410
0.0469
0.0447
0.0491
0.0452
0.0457
0.9380
0.9382
0.9355
0.9370
0.9353
0.9306
0.9248
0.0027
0.4286
0.4764
0.4884
0.4943
0.4957
0.4994
0.4977
0.4994
0.4994
0.4989
0.5011
0.5016
0.4996
0.5009
0.0017
0.0063
0.0110
0.0137
0.0120
0.0144
0.0190
0.0215
0.0259
0.0247
0.0256
0.0325
0.0339
0.0332
0.0347
0.0364
0.0386
0.0435
0.0425
0.0422
0.0437
0.0444
0.0508
0.9397
0.9360
0.9370
0.9360
0.9375
0.9326
0.9284
0.0051
0.3592
0.4676
0.4857
0.4945
0.4972
0.4969
0.5004
0.4987
0.4989
0.5021
0.4994
0.4996
0.5001
0.5021
0.5038
0.0081
0.0100
0.0125
0.0149
0.0186
0.0151
0.0190
0.0217
0.0278
0.0313
0.0271
0.0288
0.0361
0.0386
0.0391
0.0364
0.0437
0.0413
0.0410
0.0493
0.0452
0.0464
0.0498
0.9385
0.9375
0.9343
0.9350
0.9326
0.9306
0.9189
0.0000
0.4449
0.4811
0.4918
0.4965
0.4967
0.4994
0.4979
0.4994
0.5021
0.5023
0.5013
0.5004
0.5016
0.5045
0.0063
0.0037
0.0083
0.0147
0.0125
0.0195
0.0171
0.0244
0.0230
0.0256
0.0278
0.0317
0.0337
0.0337
0.0352
0.0374
0.0379
0.0415
0.0398
0.0440
0.0418
0.0493
0.0462
0.9375
0.9365
0.9390
0.9341
0.9355
0.9316
0.9270
0.0059
0.4085
0.4718
0.4862
0.4928
0.4950
0.4994
0.4979
0.4974
0.4982
0.5013
0.5009
0.5004
0.5018
0.5018
0.4994
0.0081
0.0083
0.0083
0.0151
0.0195
0.0159
0.0195
0.0266
0.0230
0.0317
0.0278
0.0354
0.0344
0.0374
0.0400
0.0408
0.0391
0.0444
0.0442
0.0488
0.0493
0.0459
0.9441
0.9375
0.9375
0.9353
0.9350
0.9321
0.9289
0.8886
0.3221
0.4608
0.4847
0.4923
0.4994
0.4974
0.4987
0.5006
0.5009
0.5001
0.5001
0.5018
0.5016
0.5023
0.5060
0.0034
0.0068
0.0107
0.0115
0.0122
0.0156
0.0190
0.0208
0.0254
0.0291
0.0313
0.0322
0.0315
0.0335
0.0347
0.0381
0.0427
0.0408
0.0415
0.0471
0.0444
0.0440
0.0505
0.9394
0.9365
0.9350
0.9346
0.9326
0.9306
0.9223
0.0002
0.4303
0.4767
0.4904
0.4923
0.4982
0.4996
0.4972
0.4991
0.5021
0.4994
0.5018
0.5018
0.5028
0.5001
0.0034
0.0103
0.0073
0.0125
0.0156
0.0188
0.0222
0.0208
0.0212
0.0291
0.0283
0.0342
0.0308
0.0344
0.0383
0.0386
0.0383
0.0437
0.0420
0.0474
0.0437
0.0471
0.0449
0.9370
0.9397
0.9375
0.9368
0.9348
0.9311
0.9294
0.0112
0.3546
0.4637
0.4872
0.4911
0.4935
0.4974
0.5001
0.5004
0.5018
0.5006
0.4996
0.4994
0.5001
0.5023
0.5004
0.0024
0.0103
0.0127
0.0117
0.0181
0.0205
0.0205
0.0252
0.0278
0.0295
0.0278
0.0286
0.0347
0.0381
0.0364
0.0420
0.0376
0.0449
0.0400
0.0486
0.0432
0.0498
0.0464
0.9382
0.9390
0.9360
0.9336
0.9326
0.9314
0.9182
0.0032
0.4452
0.4821
0.4921
0.4938
0.4945
0.4994
0.4991
0.4989
0.4989
0.4999
0.5011
0.5006
0.5023
0.5011
0.0063
0.0088
0.0122
0.0137
0.0156
0.0195
0.0159
0.0242
0.0232
0.0252
0.0315
0.0349
0.0337
0.0366
0.0364
0.0383
0.0393
0.0447
0.0415
0.0476
0.0425
0.0437
0.0459
0.9399
0.9387
0.9392
0.9375
0.9365
0.9333
0.9272
0.0044
0.4085
0.4745
0.4874
0.4933
0.4950
0.4987
0.4989
0.4989
0.5011
0.4989
0.5009
0.5009
0.5026
0.5021
0.5011
0.0088
0.0068
0.0117
0.0166
0.0137
0.0215
0.0215
0.0276
0.0283
0.0303
0.0330
0.0295
0.0337
0.0361
0.0352
0.0427
0.0386
0.0447
0.0435
0.0440
0.0459
0.0505
0.9407
0.9375
0.9365
0.9375
0.9360
0.9348
0.9287
0.8869
0.3223
0.4625
0.4838
0.4921
0.4945
0.4965
0.4977
0.5001
0.5001
0.5026
0.5016
0.5006
0.4994
0.5023
0.4991
0.0083
0.0042
0.0117
0.0107
0.0127
0.0181
0.0198
0.0291
0.0230
0.0300
0.0327
0.0276
0.0315
0.0322
0.0369
0.0418
0.0427
0.0405
0.0396
0.0471
0.0479
0.0444
0.0484
0.9404
0.9368
0.9365
0.9350
0.9341
0.9331
0.9221
0.0020
0.4300
0.4784
0.4879
0.4943
0.4960
0.4969
0.5006
0.5006
0.5006
0.5013
0.5018
0.4987
0.5013
0.5001
0.0039
0.0088
0.0042
0.0112
0.0168
0.0156
0.0171
0.0188
0.0244
0.0276
0.0276
0.0337
0.0369
0.0322
0.0398
0.0359
0.0396
0.0415
0.0420
0.0454
0.0484
0.0469
0.0505
0.9407
0.9375
0.9372
0.9365
0.9346
0.9324
0.9287
0.0063
0.3548
0.4652
0.4840
0.4935
0.4950
0.5026
0.4999
0.4994
0.5001
0.4987
0.5016
0.5026
0.5033
0.5004
0.5011
0.0046
0.0103
0.0088
0.0144
0.0151
0.0200
0.0237
0.0227
0.0288
0.0315
0.0313
0.0352
0.0361
0.0361
0.0369
0.0393
0.0422
0.0410
0.0430
0.0491
0.0462
0.0479
0.0540
0.9382
0.9387
0.9372
0.9346
0.9331
0.9302
0.9177
0.0039
0.4498
0.4806
0.4913
0.4940
0.4984
0.5001
0.4984
0.5013
0.5004
0.5016
0.5016
0.4994
0.5023
0.5011
0.0059
0.0066
0.0073
0.0078
0.0156
0.0156
0.0227
0.0234
0.0247
0.0271
0.0313
0.0305
0.0371
0.0347
0.0393
0.0415
0.0432
0.0403
0.0469
0.0469
0.0442
0.0513
0.0466
0.9375
0.9385
0.9370
0.9358
0.9360
0.9306
0.9280
0.0007
0.4115
0.4747
0.4874
0.4930
0.4969
0.4979
0.4991
0.4984
0.4999
0.5006
0.5004
0.4991
0.5011
0.5016
0.5001
0.0049
0.0110
0.0090
0.0156
0.0186
0.0161
0.0244
0.0252
0.0256
0.0281
0.0291
0.0317
0.0371
0.0400
0.0410
0.0408
0.0432
0.0418
0.0457
0.0440
0.0484
0.0513
0.9458
0.9390
0.9372
0.9353
0.9370
0.9346
0.9297
0.8869
0.3289
0.4618
0.4842
0.4911
0.4952
0.4984
0.4996
0.4982
0.4989
0.5033
0.4913
0.4989
0.5018
0.4999
0.5028
0.0022
0.0103
0.0127
0.0151
0.0156
0.0205
0.0183
0.0203
0.0232
0.0291
0.0303
0.0335
0.0315
0.0393
0.0420
0.0422
0.0396
0.0454
0.0469
0.0486
0.0498
0.0484
0.0476
0.9360
0.9365
0.9365
0.9368
0.9350
0.9304
0.9228
0.0015
0.4388
0.4799
0.4901
0.4930
0.4972
0.4987
0.4982
0.5006
0.5013
0.5006
0.5016
0.5011
0.5023
0.5001
0.0056
0.0042
0.0066
0.0127
0.0112
0.0190
0.0210
0.0234
0.0254
0.0237
0.0264
0.0342
0.0332
0.0332
0.0381
0.0374
0.0430
0.0447
0.0440
0.0474
0.0481
0.0498
0.0520
0.9387
0.9382
0.9360
0.9353
0.9343
0.9346
0.9280
0.0056
0.3763
0.4701
0.4850
0.4933
0.4957
0.4965
0.4962
0.4991
0.4989
0.5009
0.5011
0.4999
0.4989
0.5011
0.5026
0.0029
0.0063
0.0137
0.0156
0.0144
0.0210
0.0198
0.0212
0.0259
0.0313
0.0286
0.0354
0.0366
0.0354
0.0379
0.0415
0.0410
0.0408
0.0457
0.0462
0.0484
0.0508
0.0212
0.9399
0.9390
0.9375
0.9353
0.9348
0.9289
0.9106
0.2882
0.4530
0.4803
0.4904
0.4952
0.4967
0.4982
0.4965
0.5009
0.5001
0.5001
0.5016
0.5009
0.5004
0.5028
0.0059
0.0095
0.0127
0.0083
0.0115
0.0166
0.0210
0.0200
0.0225
0.0308
0.0261
0.0283
0.0322
0.0347
0.0352
0.0366
0.0432
0.0493
0.0432
0.0464
0.0454
0.0476
0.0462
0.9375
0.9397
0.9377
0.9358
0.9343
0.9302
0.9265
0.0046
0.4220
0.4742
0.4872
0.4947
0.4965
0.4987
0.4979
0.5011
0.5001
0.5016
0.5021
0.5018
0.5021
0.5006
0.0015
0.0044
0.0056
0.0105
0.0134
0.0181
0.0181
0.0200
0.0254
0.0274
0.0308
0.0271
0.0344
0.0386
0.0330
0.0379
0.0393
0.0391
0.0452
0.0464
0.0479
0.0449
0.0452
0.9409
0.9380
0.9380
0.9370
0.9353
0.9331
0.9297
0.0322
0.3538
0.4642
0.4864
0.4923
0.4960
0.5050
0.4994
0.5001
0.5011
0.5006
0.4994
0.5006
0.5001
0.4979
0.5006
0.0032
0.0056
0.0129
0.0129
0.0144
0.0171
0.0183
0.0254
0.0278
0.0261
0.0320
0.0342
0.0276
0.0330
0.0364
0.0464
0.0413
0.0405
0.0459
0.0462
0.0462
0.0449
0.0520
0.9392
0.9382
0.9387
0.9363
0.9326
0.9297
0.9179
0.0046
0.4435
0.4799
0.4906
0.4967
0.4960
0.4969
0.5006
0.4996
0.4989
0.4994
0.5016
0.5006
0.5009
0.5026
0.0081
0.0046
0.0122
0.0125
0.0144
0.0159
0.0215
0.0205
0.0222
0.0222
0.0315
0.0322
0.0361
0.0371
0.0352
0.0379
0.0425
0.0415
0.0447
0.0471
0.0479
0.0435
0.0447
0.9385
0.9397
0.9392
0.9363
0.9343
0.9328
0.9270
0.0024
0.3900
0.4716
0.4877
0.4945
0.4969
0.4991
0.5001
0.4994
0.4974
0.4977
0.5009
0.5035
0.5004
0.5001
0.5004
0.0078
0.0054
0.0122
0.0117
0.0176
0.0195
0.0188
0.0242
0.0283
0.0276
0.0261
0.0288
0.0347
0.0308
0.0398
0.0410
0.0386
0.0420
0.0462
0.0430
0.0491
0.0479
0.0259
0.9385
0.9360
0.9343
0.9363
0.9338
0.9292
0.9082
0.2994
0.4589
0.4852
0.4921
0.4960
0.4984
0.4979
0.5013
0.4999
0.5013
0.5001
0.5021
0.5006
0.5016
0.5001
0.0098
0.0088
0.0083
0.0112
0.0147
0.0147
0.0222
0.0227
0.0234
0.0286
0.0293
0.0278
0.0352
0.0361
0.0388
0.0396
0.0374
0.0393
0.0454
0.0437
0.0352
0.0469
0.0503
0.9385
0.9380
0.9390
0.9370
0.9360
0.9328
0.9258
0.0010
0.4203
0.4742
0.4882
0.4947
0.4974
0.4972
0.5006
0.5006
0.5004
0.5006
0.4989
0.5006
0.5021
0.5040
0.0039
0.0095
0.0115
0.0129
0.0127
0.0195
0.0186
0.0217
0.0227
0.0244
0.0313
0.0300
0.0354
0.0317
0.0339
0.0400
0.0405
0.0420
0.0405
0.0413
0.0425
0.0479
0.0525
0.9385
0.9407
0.9382
0.9368
0.9343
0.9326
0.9294
0.1348
0.3538
0.4652
0.4842
0.4906
0.4945
0.4987
0.5001
0.4982
0.5011
0.5006
0.4987
0.4991
0.4991
0.5033
0.5016
0.0022
0.0081
0.0078
0.0122
0.0171
0.0178
0.0186
0.0225
0.0269
0.0247
0.0305
0.0332
0.0369
0.0322
0.0361
0.0398
0.0374
0.0437
0.0479
0.0464
0.0444
0.0459
0.0447
0.9392
0.9385
0.9355
0.9370
0.9328
0.9309
0.9175
0.0000
0.4466
0.4823
0.4916
0.4930
0.4962
0.4977
0.5013
0.5009
0.5006
0.5001
0.5023
0.5018
0.5023
0.5004
0.0027
0.0044
0.0107
0.0147
0.0161
0.0186
0.0183
0.0190
0.0256
0.0281
0.0259
0.0305
0.0308
0.0337
0.0352
0.0398
0.0371
0.0410
0.0459
0.0418
0.0449
0.0493
0.0501
0.9387
0.9394
0.9390
0.9375
0.9350
0.9319
0.9260
0.0005
0.4122
0.4725
0.4867
0.4935
0.4965
0.4996
0.5009
0.5004
0.4994
0.5009
0.5021
0.4994
0.5004
0.5011
0.5011
0.0093
0.0059
0.0125
0.0110
0.0178
0.0166
0.0256
0.0200
0.0232
0.0244
0.0271
0.0293
0.0364
0.0388
0.0400
0.0400
0.0391
0.0462
0.0440
0.0474
0.0476
0.0469
0.9414
0.9375
0.9387
0.9355
0.9358
0.9336
0.9287
0.8877
0.3324
0.4623
0.4833
0.4904
0.4972
0.4967
0.5001
0.4977
0.5006
0.5006
0.5006
0.5016
0.5021
0.4987
0.5001
0.0056
0.0107
0.0112
0.0120
0.0181
0.0164
0.0205
0.0252
0.0212
0.0239
0.0320
0.0313
0.0335
0.0371
0.0388
0.0361
0.0371
0.0442
0.0444
0.0479
0.0493
0.0449
0.0510
0.9390
0.9394
0.9363
0.9360
0.9353
0.9311
0.9211
0.0044
0.4359
0.4806
0.4906
0.4945
0.4972
0.4991
0.4984
0.5021
0.5009
0.4996
0.5023
0.5006
0.5004
0.5004
0.0049
0.0083
0.0112
0.0139
0.0156
0.0186
0.0210
0.0244
0.0225
0.0295
0.0278
0.0303
0.0344
0.0325
0.0383
0.0413
0.0405
0.0400
0.0457
0.0444
0.0444
0.0476
0.0503
0.9372
0.9355
0.9350
0.9372
0.9355
0.9311
0.9263
0.0000
0.3861
0.4720
0.4882
0.4940
0.4943
0.4991
0.4967
0.5001
0.5021
0.5016
0.5004
0.5023
0.5001
0.5006
0.5021
0.0049
0.0117
0.0125
0.0120
0.0156
0.0203
0.0220
0.0254
0.0276
0.0252
0.0283
0.0298
0.0374
0.0371
0.0405
0.0405
0.0440
0.0420
0.0466
0.0471
0.0496
0.0491
0.0239
0.9397
0.9375
0.9360
0.9368
0.9353
0.9289
0.9096
0.2984
0.4564
0.4850
0.4923
0.4962
0.4991
0.5004
0.4974
0.4994
0.5013
0.5011
0.4994
0.5031
0.5031
0.4996
0.0044
0.0071
0.0059
0.0159
0.0149
0.0137
0.0222
0.0259
0.0264
0.0261
0.0317
0.0283
0.0364
0.0332
0.0400
0.0410
0.0418
0.0410
0.0427
0.0464
0.0442
0.0452
0.0518
0.9390
0.9390
0.9382
0.9358
0.9348
0.9319
0.9258
0.0012
0.4220
0.4747
0.4891
0.4916
0.4967
0.4977
0.4994
0.4989
0.4994
0.5013
0.5011
0.4952
0.5013
0.5026
0.0073
0.0046
0.0083
0.0098
0.0156
0.0205
0.0212
0.0215
0.0210
0.0288
0.0313
0.0274
0.0335
0.0354
0.0344
0.0359
0.0391
0.0437
0.0462
0.0447
0.0430
0.0459
0.0471
0.9407
0.9407
0.9360
0.9416
0.9421
0.9328
0.9272
0.2322
0.3512
0.4662
0.4850
0.4923
0.4965
0.4969
0.4982
0.4979
0.4994
0.5009
0.4989
0.5006
0.4991
0.4994
0.5021
0.0022
0.0054
0.0120
0.0149
0.0137
0.0198
0.0234
0.0252
0.0247
0.0298
0.0278
0.0339
0.0371
0.0381
0.0398
0.0391
0.0381
0.0396
0.0469
0.0425
0.0493
0.0457
0.0505
0.9385
0.9380
0.9387
0.9355
0.9350
0.9299
0.9214
0.0000
0.4393
0.4772
0.4908
0.4935
0.4965
0.4967
0.4987
0.5004
0.5004
0.5004
0.5009
0.5018
0.5028
0.5026
0.0029
0.0078
0.0120
0.0105
0.0166
0.0198
0.0161
0.0198
0.0271
0.0237
0.0295
0.0298
0.0313
0.0361
0.0379
0.0391
0.0376
0.0440
0.0449
0.0464
0.0486
0.0479
0.0464
0.9399
0.9387
0.9360
0.9360
0.9368
0.9341
0.9275
0.0020
0.3714
0.4672
0.4862
0.4945
0.4965
0.4984
0.4991
0.5009
0.5006
0.5001
0.5011
0.4979
0.4994
0.5026
0.4994
0.0083
0.0100
0.0115
0.0127
0.0134
0.0195
0.0220
0.0217
0.0303
0.0291
0.0274
0.0317
0.0371
0.0369
0.0361
0.0371
0.0383
0.0425
0.0415
0.0435
0.0496
0.0454
0.0469
0.9380
0.9385
0.9375
0.9365
0.9350
0.9306
0.9153
0.0046
0.4510
0.4818
0.4908
0.4965
0.4952
0.5001
0.4982
0.5004
0.4974
0.4969
0.5031
0.5004
0.5021
0.5026
0.0078
0.0073
0.0117
0.0095
0.0142
0.0159
0.0220
0.0247
0.0244
0.0291
0.0259
0.0347
0.0364
0.0335
0.0357
0.0405
0.0391
0.0393
0.0454
0.0435
0.0435
0.0484
0.0503
0.9402
0.9394
0.9375
0.9375
0.9355
0.9360
0.9248
0.0007
0.4142
0.4723
0.4879
0.4906
0.4974
0.4979
0.4962
0.5001
0.4994
0.4965
0.4989
0.5001
0.5001
0.5006
0.4996
0.0046
0.0112
0.0083
0.0107
0.0132
0.0210
0.0237
0.0230
0.0254
0.0278
0.0278
0.0308
0.0352
0.0374
0.0410
0.0425
0.0386
0.0447
0.0481
0.0481
0.0440
0.0459
0.9519
0.9404
0.9375
0.9360
0.9360
0.9316
0.9284
0.8872
0.3233
0.4608
0.4830
0.4930
0.4957
0.4977
0.4991
0.4987
0.5001
0.4991
0.5006
0.4994
0.5004
0.5011
0.4991
0.0073
0.0051
0.0081
0.0115
0.0137
0.0142
0.0215
0.0230
0.0222
0.0244
0.0325
0.0300
0.0361
0.0386
0.0344
0.0366
0.0435
0.0418
0.0408
0.0413
0.0440
0.0505
0.0508
0.9385
0.9370
0.9360
0.9363
0.9365
0.9326
0.9204
0.0020
0.4325
0.4796
0.4901
0.4930
0.4957
0.4969
0.4974
0.4984
0.4994
0.5013
0.5006
0.5016
0.5004
0.5016
0.0059
0.0090
0.0081
0.0093
0.0168
0.0200
0.0203
0.0222
0.0203
0.0242
0.0300
0.0313
0.0357
0.0322
0.0383
0.0391
0.0400
0.0400
0.0432
0.0476
0.0464
0.0440
0.0464
0.9397
0.9375
0.9375
0.9365
0.9370
0.9328
0.9284
0.0034
0.3724
0.4672
0.4879
0.4916
0.4957
0.4991
0.4979
0.4996
0.4989
0.5021
0.5009
0.5016
0.5011
0.5009
0.5028
0.0073
0.0085
0.0090
0.0107
0.0161
0.0205
0.0230
0.0256
0.0227
0.0298
0.0300
0.0339
0.0313
0.0391
0.0347
0.0415
0.0369
0.0447
0.0469
0.0454
0.0471
0.0501
0.0220
0.9407
0.9375
0.9375
0.9363
0.9331
0.9309
0.9155
0.0012
0.4530
0.4818
0.4908
0.4935
0.4987
0.4987
0.5004
0.4977
0.4987
0.4999
0.4999
0.5004
0.5009
0.5021
0.0024
0.0054
0.0068
0.0115
0.0159
0.0190
0.0227
0.0200
0.0220
0.0234
0.0315
0.0313
0.0359
0.0369
0.0379
0.0352
0.0376
0.0422
0.0459
0.0420
0.0484
0.0440
0.0469
0.9375
0.9390
0.9377
0.9350
0.9350
0.9316
0.9245
0.0000
0.4105
0.4745
0.4872
0.4938
0.4950
0.4984
0.4994
0.5006
0.4987
0.5023
0.5016
0.4989
0.5021
0.5021
0.5023
0.0027
0.0110
0.0144
0.0127
0.0147
0.0154
0.0188
0.0215
0.0283
0.0254
0.0274
0.0317
0.0369
0.0330
0.0381
0.0391
0.0430
0.0442
0.0430
0.0457
0.0440
0.0481
0.9358
0.9375
0.9370
0.9355
0.9365
0.9333
0.9277
0.8891
0.3314
0.4630
0.4850
0.4908
0.4950
0.4994
0.5004
0.4987
0.5016
0.5011
0.4987
0.4994
0.5009
0.5011
0.4994
0.0017
0.0090
0.0107
0.0132
0.0173
0.0147
0.0220
0.0249
0.0242
0.0283
0.0278
0.0317
0.0325
0.0381
0.0371
0.0396
0.0425
0.0430
0.0408
0.0454
0.0435
0.0469
0.0493
0.9390
0.9372
0.9365
0.9375
0.9355
0.9338
0.9221
0.0032
0.4354
0.4794
0.4886
0.4950
0.4952
0.4972
0.4984
0.4982
0.5009
0.5011
0.5011
0.5026
0.5006
0.5006
0.0027
0.0051
0.0068
0.0090
0.0127
0.0134
0.0220
0.0234
0.0271
0.0295
0.0313
0.0327
0.0298
0.0322
0.0366
0.0405
0.0400
0.0422
0.0447
0.0449
0.0471
0.0484
0.0474
0.9399
0.9392
0.9372
0.9365
0.9348
0.9328
0.9275
0.0054
0.3700
0.4684
0.4857
0.4916
0.4969
0.4984
0.4996
0.5006
0.5011
0.5013
0.4982
0.4979
0.5018
0.5004
0.5018
0.0020
0.0059
0.0078
0.0137
0.0144
0.0156
0.0203
0.0264
0.0244
0.0305
0.0322
0.0335
0.0337
0.0381
0.0398
0.0435
0.0418
0.0410
0.0466
0.0422
0.0498
0.0493
0.0249
0.9392
0.9382
0.9365
0.9348
0.9326
0.9297
0.9143
0.0024
0.4554
0.4830
0.4906
0.4943
0.4982
0.4982
0.4984
0.5021
0.5023
0.5011
0.5004
0.5009
0.5004
0.5038
0.0056
0.0095
0.0105
0.0098
0.0117
0.0137
0.0178
0.0220
0.0237
0.0291
0.0276
0.0339
0.0347
0.0349
0.0359
0.0366
0.0405
0.0403
0.0437
0.0430
0.0496
0.0449
0.0484
0.9380
0.9372
0.9372
0.9355
0.9360
0.9324
0.9260
0.0034
0.4129
0.4745
0.4886
0.4930
0.4952
0.4989
0.5004
0.4999
0.4994
0.4965
0.4994
0.5004
0.5023
0.5001
0.5021
0.0090
0.0056
0.0117
0.0120
0.0132
0.0149
0.0183
0.0237
0.0259
0.0298
0.0276
0.0352
0.0344
0.0332
0.0396
0.0359
0.0422
0.0405
0.0471
0.0476
0.0444
0.0498
0.9468
0.9387
0.9375
0.9368
0.9350
0.9319
0.9277
0.8886
0.3341
0.4623
0.4857
0.4935
0.4955
0.4982
0.4974
0.4994
0.5011
0.5013
0.4996
0.5006
0.5028
0.5021
0.5016
0.0027
0.0044
0.0093
0.0151
0.0176
0.0198
0.0230
0.0181
0.0230
0.0300
0.0266
0.0300
0.0344
0.0344
0.0357
0.0398
0.0391
0.0447
0.0420
0.0427
0.0476
0.0481
0.0510
0.9385
0.9370
0.9365
0.9360
0.9333
0.9319
0.9199
0.0012
0.4374
0.4799
0.4916
0.4943
0.4969
0.4996
0.4991
0.4996
0.5013
0.5006
0.5016
0.5001
0.5031
0.5028
0.0066
0.0066
0.0117
0.0107
0.0161
0.0186
0.0178
0.0205
0.0252
0.0293
0.0305
0.0313
0.0347
0.0337
0.0352
0.0357
0.0415
0.0391
0.0398
0.0430
0.0422
0.0432
0.0503
0.9402
0.9375
0.9392
0.9353
0.9343
0.9319
0.9275
0.0000
0.3712
0.4686
0.4852
0.4928
0.4989
0.4991
0.4974
0.5009
0.4996
0.5001
0.5011
0.5001
0.5028
0.5016
0.4991
0.0029
0.0046
0.0073
0.0115
0.0161
0.0183
0.0205
0.0217
0.0283
0.0249
0.0300
0.0298
0.0327
0.0379
0.0391
0.0374
0.0383
0.0393
0.0437
0.0442
0.0447
0.0505
0.0256
0.9394
0.9372
0.9368
0.9355
0.9343
0.9306
0.9162
0.0010
0.4515
0.4811
0.4908
0.4938
0.4984
0.4974
0.4984
0.5006
0.4989
0.5013
0.5006
0.5004
0.5016
0.4994
0.0056
0.0078
0.0063
0.0107
0.0176
0.0161
0.0156
0.0227
0.0264
0.0234
0.0261
0.0293
0.0337
0.0371
0.0388
0.0410
0.0415
0.0437
0.0442
0.0410
0.0476
0.0452
0.0498
0.9397
0.9385
0.9385
0.9346
0.9353
0.9316
0.9255
0.0010
0.4186
0.4755
0.4899
0.4952
0.4969
0.4982
0.4987
0.5011
0.4989
0.4989
0.4996
0.5001
0.5018
0.5018
0.0068
0.0073
0.0061
0.0107
0.0098
0.0190
0.0220
0.0227
0.0230
0.0264
0.0234
0.0274
0.0325
0.0352
0.0379
0.0391
0.0376
0.0413
0.0435
0.0400
0.0471
0.0488
0.0444
0.9399
0.9394
0.9382
0.9346
0.9346
0.9333
0.9294
0.0369
0.3509
0.4669
0.4852
0.4928
0.4950
0.4979
0.4987
0.5004
0.5018
0.5023
0.5026
0.5021
0.5004
0.5006
0.5026
0.0044
0.0044
0.0110
0.0137
0.0132
0.0190
0.0215
0.0252
0.0217
0.0298
0.0313
0.0286
0.0308
0.0361
0.0359
0.0408
0.0400
0.0408
0.0410
0.0479
0.0479
0.0459
0.0474
0.9387
0.9375
0.9360
0.9355
0.9333
0.9297
0.9182
0.0054
0.4459
0.4825
0.4894
0.4965
0.4979
0.5048
0.4987
0.5001
0.5013
0.5004
0.5016
0.5004
0.5001
0.4994
0.0051
0.0083
0.0088
0.0142
0.0166
0.0137
0.0220
0.0195
0.0244
0.0249
0.0286
0.0278
0.0352
0.0359
0.0371
0.0339
0.0374
0.0435
0.0440
0.0493
0.0469
0.0440
0.0493
0.9399
0.9392
0.9365
0.9390
0.9343
0.9326
0.9265
0.0049
0.4034
0.4674
0.4874
0.4928
0.4969
0.4991
0.5011
0.5006
0.5035
0.5011
0.5013
0.4987
0.4979
0.5004
0.5018
0.0039
0.0071
0.0117
0.0151
0.0142
0.0178
0.0178
0.0232
0.0271
0.0239
0.0332
0.0332
0.0342
0.0332
0.0400
0.0398
0.0396
0.0386
0.0471
0.0425
0.0435
0.0476
0.9582
0.9392
0.9387
0.9368
0.9355
0.9331
0.9306
0.8930
0.3172
0.4589
0.4840
0.4918
0.4947
0.4952
0.5006
0.4989
0.5013
0.5016
0.5021
0.5023
0.5026
0.5013
0.5013
0.0066
0.0068
0.0078
0.0098
0.0159
0.0142
0.0225
0.0232
0.0252
0.0261
0.0308
0.0281
0.0357
0.0330
0.0383
0.0369
0.0374
0.0371
0.0442
0.0432
0.0440
0.0437
0.0505
0.9375
0.9385
0.9372
0.9363
0.9348
0.9331
0.9209
0.0000
0.4293
0.4764
0.4886
0.4935
0.4969
0.4994
0.4979
0.4991
0.5035
0.5011
0.5013
0.5013
0.4994
0.4991
0.0032
0.0081
0.0098
0.0083
0.0156
0.0156
0.0178
0.0178
0.0222
0.0237
0.0300
0.0335
0.0354
0.0315
0.0335
0.0339
0.0357
0.0386
0.0488
0.0457
0.0447
0.0464
0.0444
0.9409
0.9380
0.9394
0.9363
0.9350
0.9346
0.9284
0.0054
0.3538
0.4659
0.4847
0.4921
0.4962
0.4987
0.4984
0.4991
0.5021
0.4996
0.5016
0.5038
0.4989
0.4994
0.5016
0.0085
0.0044
0.0068
0.0107
0.0132
0.0188
0.0208
0.0200
0.0220
0.0237
0.0269
0.0325
0.0305
0.0317
0.0361
0.0349
0.0391
0.0425
0.0449
0.0462
0.0474
0.0488
0.0527
0.9394
0.9402
0.9377
0.9348
0.9336
0.9306
0.9206
0.0049
0.4435
0.4818
0.4894
0.4940
0.4960
0.4969
0.4989
0.5001
0.4996
0.5013
0.5013
0.5026
0.5028
0.5013
0.0071
0.0039
0.0071
0.0156
0.0164
0.0139
0.0203
0.0217
0.0220
0.0232
0.0303
0.0283
0.0317
0.0366
0.0335
0.0393
0.0403
0.0410
0.0393
0.0471
0.0479
0.0491
0.0459
0.9392
0.9355
0.9365
0.9372
0.9358
0.9328
0.9280
0.0010
0.4117
0.4725
0.4889
0.4933
0.4955
0.4989
0.4991
0.4994
0.5004
0.5016
0.5018
0.5031
0.5026
0.5023
0.5001
0.0083
0.0090
0.0110
0.0110
0.0181
0.0203
0.0198
0.0230
0.0276
0.0249
0.0317
0.0313
0.0352
0.0379
0.0383
0.0366
0.0413
0.0440
0.0413
0.0454
0.0435
0.0447
0.9438
0.9385
0.9382
0.9385
0.9365
0.9341
0.9280
0.8886
0.3316
0.4615
0.4845
0.4913
0.4940
0.4972
0.4969
0.4977
0.4999
0.5009
0.4982
0.5026
0.4991
0.5001
0.5009
0.0063
0.0073
0.0127
0.0110
0.0176
0.0156
0.0198
0.0247
0.0212
0.0244
0.0313
0.0342
0.0295
0.0339
0.0364
0.0388
0.0366
0.0413
0.0415
0.0459
0.0444
0.0442
0.0488
0.9390
0.9404
0.9380
0.9360
0.9346
0.9324
0.9194
0.0083
0.4381
0.4784
0.4918
0.4945
0.4955
0.4979
0.4989
0.4987
0.5009
0.4991
0.4977
0.4987
0.5001
0.5004
0.0068
0.0049
0.0112
0.0142
0.0105
0.0147
0.0210
0.0181
0.0230
0.0276
0.0256
0.0305
0.0313
0.0320
0.0347
0.0371
0.0415
0.0386
0.0400
0.0410
0.0442
0.0484
0.0479
0.9392
0.9370
0.9368
0.9375
0.9350
0.9346
0.9265
0.0000
0.3817
0.4691
0.4874
0.4918
0.4960
0.4987
0.4994
0.5016
0.5004
0.5006
0.5016
0.5016
0.5001
0.5011
0.5009
0.0024
0.0059
0.0088
0.0164
0.0147
0.0205
0.0183
0.0212
0.0225
0.0247
0.0295
0.0325
0.0315
0.0325
0.0393
0.0371
0.0398
0.0432
0.0454
0.0452
0.0474
0.0449
0.0242
0.9404
0.9387
0.9380
0.9287
0.9346
0.9302
0.9114
0.2938
0.4545
0.4833
0.4911
0.4940
0.4977
0.4982
0.4984
0.4996
0.4979
0.4984
0.5009
0.4989
0.5011
0.5023
0.0078
0.0042
0.0127
0.0112
0.0161
0.0183
0.0208
0.0234
0.0256
0.0249
0.0293
0.0288
0.0337
0.0369
0.0359
0.0357
0.0400
0.0398
0.0405
0.0335
0.0469
0.0437
0.0444
0.9399
0.9385
0.9370
0.9375
0.9350
0.9331
0.9226
0.0022
0.4278
0.4769
0.4884
0.4940
0.4965
0.4984
0.4979
0.5004
0.4994
0.5004
0.5018
0.4989
0.5026
0.5021
0.0039
0.0063
0.0046
0.0125
0.0161
0.0139
0.0188
0.0210
0.0200
0.0230
0.0291
0.0276
0.0327
0.0322
0.0381
0.0354
0.0361
0.0422
0.0376
0.0462
0.0420
0.0442
0.0435
0.9402
0.9380
0.9377
0.9355
0.9365
0.9336
0.9294
0.2371
0.3524
0.4637
0.4872
0.4926
0.4967
0.4984
0.4977
0.4979
0.4984
0.5028
0.4994
0.5006
0.4994
0.5018
0.5023
0.0078
0.0068
0.0078
0.0110
0.0151
0.0166
0.0205
0.0193
0.0261
0.0247
0.0305
0.0291
0.0354
0.0337
0.0347
0.0405
0.0369
0.0420
0.0449
0.0400
0.0442
0.0457
0.0484
0.9404
0.9394
0.9385
0.9380
0.9341
0.9319
0.9204
0.0024
0.4447
0.4828
0.4908
0.4943
0.4984
0.4969
0.4974
0.4969
0.4994
0.4984
0.4977
0.4994
0.5023
0.5028
0.0022
0.0049
0.0107
0.0103
0.0168
0.0190
0.0198
0.0242
0.0220
0.0281
0.0308
0.0313
0.0298
0.0396
0.0366
0.0386
0.0376
0.0374
0.0418
0.0432
0.0442
0.0464
0.0486
0.9407
0.9375
0.9372
0.9358
0.9336
0.9333
0.9258
0.0034
0.4068
0.4718
0.4869
0.4943
0.4945
0.4994
0.4984
0.4999
0.4989
0.5011
0.5016
0.5016
0.5018
0.5023
0.5004
0.0100
0.0098
0.0073
0.0142
0.0164
0.0139
0.0227
0.0208
0.0266
0.0281
0.0256
0.0325
0.0342
0.0352
0.0361
0.0413
0.0364
0.0415
0.0415
0.0459
0.0422
0.0435
0.9355
0.9385
0.9387
0.9355
0.9355
0.9348
0.9304
0.8916
0.3216
0.4606
0.4838
0.4918
0.4950
0.4991
0.4984
0.5004
0.5001
0.5013
0.5016
0.5040
0.5011
0.5004
0.5028
0.0066
0.0088
0.0110
0.0132
0.0107
0.0149
0.0227
0.0188
0.0244
0.0264
0.0261
0.0322
0.0303
0.0347
0.0339
0.0396
0.0352
0.0430
0.0415
0.0432
0.0474
0.0430
0.0484
0.9385
0.9394
0.9368
0.9355
0.9331
0.9324
0.9223
0.0059
0.4303
0.4769
0.4891
0.4938
0.4989
0.4989
0.4982
0.5016
0.4982
0.5004
0.5006
0.5001
0.4994
0.5004
0.0022
0.0056
0.0110
0.0085
0.0127
0.0127
0.0198
0.0217
0.0217
0.0278
0.0259
0.0293
0.0293
0.0315
0.0352
0.0344
0.0415
0.0408
0.0388
0.0400
0.0405
0.0459
0.0449
0.9419
0.9387
0.9394
0.9375
0.9341
0.9328
0.9297
0.2681
0.3497
0.4650
0.4847
0.4908
0.4965
0.4967
0.4994
0.4977
0.5021
0.4994
0.5001
0.5018
0.4987
0.5021
0.4996
0.0129
0.0051
0.0110
0.0132
0.0173
0.0200
0.0178
0.0254
0.0266
0.0244
0.0266
0.0327
0.0322
0.0325
0.0383
0.0364
0.0413
0.0415
0.0447
0.0459
0.0437
0.0486
0.0459
0.9404
0.9375
0.9375
0.9365
0.9336
0.9302
0.9184
0.0046
0.4427
0.4799
0.4913
0.4945
0.4979
0.4994
0.4974
0.4984
0.5004
0.5016
0.4999
0.5013
0.5023
0.5001
0.0068
0.0042
0.0112
0.0085
0.0161
0.0134
0.0217
0.0234
0.0208
0.0234
0.0264
0.0269
0.0305
0.0315
0.0339
0.0342
0.0393
0.0374
0.0403
0.0403
0.0466
0.0464
0.0437
0.9407
0.9390
0.9380
0.9380
0.9353
0.9326
0.9282
0.0032
0.3868
0.4737
0.4874
0.4928
0.4955
0.4969
0.4977
0.4979
0.5016
0.5013
0.5011
0.5026
0.5004
0.5001
0.5026
0.0061
0.0044
0.0085
0.0127
0.0166
0.0176
0.0208
0.0264
0.0278
0.0281
0.0261
0.0335
0.0313
0.0381
0.0379
0.0400
0.0415
0.0391
0.0400
0.0474
0.0425
0.0420
0.0249
0.9397
0.9355
0.9365
0.9355
0.9355
0.9292
0.9106
0.2965
0.4545
0.4830
0.4923
0.4945
0.4965
0.4972
0.4979
0.4987
0.4979
0.5009
0.5011
0.5006
0.5011
0.5013
0.0078
0.0093
0.0059
0.0083
0.0166
0.0183
0.0215
0.0193
0.0252
0.0274
0.0295
0.0293
0.0298
0.0303
0.0376
0.0410
0.0396
0.0386
0.0427
0.0386
0.0432
0.0435
0.0498
0.9390
0.9375
0.9390
0.9360
0.9341
0.9306
0.9201
0.0037
0.4271
0.4791
0.4904
0.4933
0.4960
0.4984
0.4979
0.4994
0.5016
0.5004
0.5006
0.5028
0.5006
0.5016
0.0061
0.0059
0.0051
0.0139
0.0156
0.0139
0.0205
0.0205
0.0205
0.0266
0.0281
0.0264
0.0313
0.0337
0.0325
0.0398
0.0376
0.0427
0.0386
0.0447
0.0413
0.0437
0.0454
0.9402
0.9380
0.9365
0.9375
0.9365
0.9331
0.9277
0.0891
0.3499
0.4662
0.4840
0.4926
0.4972
0.4977
0.4977
0.4991
0.4994
0.5001
0.4991
0.5013
0.5021
0.4991
0.5004
0.0059
0.0100
0.0127
0.0139
0.0168
0.0181
0.0190
0.0195
0.0230
0.0295
0.0269
0.0327
0.0352
0.0344
0.0371
0.0369
0.0430
0.0374
0.0440
0.0449
0.0415
0.0469
0.0452
0.9372
0.9370
0.9375
0.9353
0.9350
0.9331
0.9189
0.0015
0.4427
0.4813
0.4889
0.4965
0.4962
0.4972
0.5006
0.5004
0.4989
0.4977
0.5004
0.5004
0.5018
0.5026
0.0022
0.0037
0.0090
0.0103
0.0168
0.0151
0.0217
0.0217
0.0195
0.0249
0.0288
0.0269
0.0293
0.0354
0.0381
0.0379
0.0381
0.0415
0.0442
0.0415
0.0435
0.0437
0.0486
0.9375
0.9385
0.9390
0.9341
0.9348
0.9316
0.9265
0.0017
0.3883
0.4708
0.4874
0.4921
0.4945
0.4984
0.5006
0.4994
0.5006
0.5016
0.4991
0.5001
0.5009
0.4989
0.5021
0.0063
0.0110
0.0127
0.0159
0.0134
0.0147
0.0222
0.0254
0.0230
0.0281
0.0317
0.0325
0.0305
0.0361
0.0386
0.0352
0.0425
0.0369
0.0447
0.0427
0.0427
0.0430
0.0176
0.9399
0.9370
0.9387
0.9363
0.9326
0.9316
0.9072
0.2994
0.4593
0.4828
0.4928
0.4960
0.4982
0.4994
0.4974
0.4989
0.5009
0.5006
0.5009
0.5021
0.5018
0.5016
0.0032
0.0100
0.0066
0.0120
0.0159
0.0161
0.0168
0.0244
0.0208
0.0286
0.0252
0.0286
0.0332
0.0337
0.0332
0.0400
0.0376
0.0425
0.0393
0.0457
0.0437
0.0440
0.0476
0.9380
0.9387
0.9390
0.9375
0.9355
0.9314
0.9260
0.0010
0.4198
0.4750
0.4877
0.4926
0.4972
0.4957
0.4989
0.5011
0.5013
0.5011
0.5001
0.5004
0.5016
0.4994
0.0068
0.0054
0.0103
0.0083
0.0139
0.0168
0.0156
0.0212
0.0227
0.0286
0.0237
0.0298
0.0298
0.0288
0.0371
0.0391
0.0361
0.0393
0.0381
0.0398
0.0440
0.0471
0.0486
0.9419
0.9399
0.9370
0.9360
0.9360
0.9346
0.9287
0.1524
0.3516
0.4645
0.4855
0.4926
0.4945
0.4984
0.4974
0.4987
0.4989
0.4979
0.4984
0.5009
0.5018
0.5001
0.5009
0.0061
0.0056
0.0078
0.0090
0.0156
0.0200
0.0181
0.0205
0.0220
0.0269
0.0298
0.0283
0.0313
0.0366
0.0383
0.0361
0.0335
0.0391
0.0403
0.0444
0.0444
0.0427
0.0454
0.9404
0.9372
0.9402
0.9350
0.9336
0.9321
0.9209
0.0029
0.4447
0.4821
0.4904
0.4952
0.4967
0.4996
0.4989
0.4982
0.5013
0.4994
0.4989
0.5011
0.4989
0.5026
0.0000
0.0098
0.0103
0.0129
0.0129
0.0151
0.0215
0.0188
0.0234
0.0264
0.0303
0.0332
0.0303
0.0349
0.0361
0.0342
0.0379
0.0398
0.0432
0.0410
0.0466
0.0476
0.0457
0.9414
0.9370
0.9368
0.9380
0.9363
0.9316
0.9270
0.0066
0.3885
0.4720
0.4877
0.4928
0.4955
0.4987
0.4984
0.5001
0.5004
0.5011
0.5013
0.5021
0.5011
0.5006
0.5018
0.0054
0.0078
0.0115
0.0129
0.0166
0.0139
0.0190
0.0222
0.0269
0.0293
0.0308
0.0308
0.0359
0.0335
0.0361
0.0369
0.0400
0.0435
0.0432
0.0464
0.0486
0.0481
0.0234
0.9375
0.9397
0.9375
0.9363
0.9333
0.9304
0.9128
0.2945
0.4557
0.4842
0.4901
0.4960
0.4955
0.4987
0.4989
0.4999
0.4994
0.4996
0.4987
0.5004
0.5001
0.5021
0.0068
0.0081
0.0122
0.0105
0.0166
0.0181
0.0173
0.0188
0.0227
0.0244
0.0252
0.0271
0.0342
0.0364
0.0335
0.0342
0.0408
0.0435
0.0391
0.0413
0.0435
0.0432
0.0498
0.9397
0.9377
0.9360
0.9360
0.9346
0.9319
0.9263
0.0007
0.4195
0.4740
0.4874
0.4952
0.4965
0.4989
0.4984
0.4996
0.5009
0.5021
0.5028
0.5013
0.4999
0.5004
0.0044
0.0034
0.0083
0.0083
0.0149
0.0186
0.0173
0.0222
0.0225
0.0283
0.0249
0.0330
0.0322
0.0315
0.0374
0.0396
0.0359
0.0379
0.0447
0.0435
0.0469
0.0440
0.0476
0.9414
0.9375
0.9382
0.9368
0.9360
0.9346
0.9258
0.1324
0.3534
0.4654
0.4869
0.4935
0.4952
0.4962
0.5001
0.5004
0.4994
0.4987
0.4984
0.5026
0.5021
0.4999
0.5013
0.0059
0.0054
0.0068
0.0100
0.0176
0.0149
0.0164
0.0254
0.0247
0.0293
0.0300
0.0286
0.0352
0.0366
0.0357
0.0344
0.0398
0.0398
0.0447
0.0437
0.0464
0.0484
0.0527
0.9404
0.9392
0.9365
0.9341
0.9336
0.9321
0.9194
0.0007
0.4447
0.4816
0.4916
0.4947
0.4965
0.5004
0.4979
0.4994
0.4984
0.5018
0.5006
0.5004
0.4999
0.4984
0.0015
0.0056
0.0107
0.0071
0.0100
0.0139
0.0161
0.0234
0.0210
0.0274
0.0298
0.0330
0.0298
0.0371
0.0327
0.0381
0.0410
0.0400
0.0422
0.0396
0.0422
0.0430
0.0432
0.9414
0.9407
0.9397
0.9346
0.9333
0.9326
0.9258
0.0039
0.3856
0.4718
0.4860
0.4916
0.4940
0.4982
0.4996
0.4979
0.5006
0.5013
0.5013
0.5001
0.5016
0.5016
0.5011
0.0029
0.0046
0.0120
0.0173
0.0186
0.0181
0.0227
0.0215
0.0217
0.0252
0.0259
0.0327
0.0352
0.0371
0.0352
0.0386
0.0371
0.0374
0.0432
0.0398
0.0418
0.0440
0.0220
0.9390
0.9380
0.9372
0.9346
0.9350
0.9292
0.9116
0.2982
0.4559
0.4850
0.4916
0.4947
0.4965
0.4991
0.4982
0.4991
0.5011
0.4987
0.5011
0.4996
0.5031
0.5033
0.0056
0.0049
0.0107
0.0142
0.0164
0.0193
0.0215
0.0217
0.0249
0.0234
0.0254
0.0276
0.0347
0.0313
0.0371
0.0376
0.0415
0.0413
0.0420
0.0393
0.0432
0.0435
0.0425
0.9404
0.9365
0.9382
0.9360
0.9350
0.9336
0.9245
0.0000
0.4173
0.4737
0.4899
0.4933
0.4977
0.4991
0.4974
0.5004
0.4996
0.5006
0.5016
0.5018
0.4987
0.5021
0.0027
0.0066
0.0059
0.0122
0.0112
0.0181
0.0159
0.0222
0.0254
0.0283
0.0313
0.0300
0.0300
0.0317
0.0332
0.0400
0.0364
0.0427
0.0396
0.0381
0.0459
0.0444
0.0503
0.9390
0.9392
0.9370
0.9358
0.9360
0.9333
0.9280
0.2545
0.3495
0.4650
0.4816
0.4940
0.4960
0.4979
0.4989
0.4984
0.4989
0.4979
0.5009
0.4991
0.5023
0.4989
0.5009
0.0090
0.0085
0.0103
0.0149
0.0137
0.0198
0.0222
0.0208
0.0225
0.0244
0.0274
0.0335
0.0313
0.0347
0.0379
0.0352
0.0408
0.0396
0.0440
0.0452
0.0479
0.0496
0.0503
0.9385
0.9387
0.9394
0.9355
0.9341
0.9326
0.9182
0.0000
0.4452
0.4818
0.4896
0.4945
0.4972
0.4996
0.5001
0.4989
0.5026
0.5009
0.5021
0.5006
0.5004
0.5023
0.0042
0.0088
0.0120
0.0103
0.0168
0.0149
0.0171
0.0205
0.0254
0.0288
0.0274
0.0291
0.0337
0.0369
0.0396
0.0344
0.0371
0.0430
0.0444
0.0413
0.0474
0.0437
0.0498
0.9404
0.9390
0.9365
0.9375
0.9341
0.9324
0.9260
0.0000
0.3839
0.4708
0.4874
0.4940
0.4967
0.4979
0.4979
0.4984
0.5011
0.5028
0.5023
0.5021
0.5021
0.5016
0.5016
0.0068
0.0117
0.0122
0.0139
0.0147
0.0208
0.0190
0.0212
0.0295
0.0298
0.0269
0.0315
0.0308
0.0376
0.0396
0.0354
0.0393
0.0400
0.0447
0.0474
0.0488
0.0435
0.0193
0.9397
0.9377
0.9365
0.9353
0.9341
0.9319
0.9118
0.2916
0.4557
0.4850
0.4923
0.4955
0.4969
0.4984
0.5004
0.5023
0.4994
0.5013
0.5043
0.5028
0.5021
0.5013
0.0054
0.0100
0.0100
0.0122
0.0168
0.0147
0.0208
0.0220
0.0274
0.0247
0.0256
0.0293
0.0291
0.0313
0.0374
0.0359
0.0376
0.0442
0.0444
0.0420
0.0420
0.0498
0.0476
0.9390
0.9375
0.9365
0.9360
0.9350
0.9331
0.9253
0.0049
0.4186
0.4740
0.4906
0.4926
0.4955
0.4984
0.4996
0.5006
0.5009
0.5023
0.5021
0.4991
0.5026
0.5009
0.0039
0.0042
0.0095
0.0083
0.0120
0.0147
0.0186
0.0217
0.0247
0.0261
0.0308
0.0281
0.0317
0.0347
0.0335
0.0342
0.0357
0.0418
0.0444
0.0415
0.0425
0.0486
0.0484
0.9397
0.9394
0.9365
0.9385
0.9346
0.9314
0.9287
0.3082
0.3499
0.4650
0.4850
0.4921
0.4974
0.4991
0.4984
0.4979
0.4984
0.5016
0.4994
0.5004
0.5026
0.5004
0.5021
0.0063
0.0103
0.0122
0.0134
0.0156
0.0208
0.0195
0.0239
0.0232
0.0283
0.0276
0.0327
0.0359
0.0359
0.0386
0.0408
0.0379
0.0408
0.0413
0.0435
0.0442
0.0498
0.0476
0.9404
0.9399
0.9365
0.9363
0.9346
0.9324
0.9177
0.0010
0.4437
0.4806
0.4926
0.4930
0.4950
0.4984
0.5001
0.4987
0.5004
0.4984
0.4999
0.4996
0.5009
0.5004
0.0068
0.0078
0.0073
0.0098
0.0137
0.0186
0.0171
0.0215
0.0252
0.0239
0.0313
0.0332
0.0352
0.0352
0.0388
0.0391
0.0369
0.0376
0.0427
0.0449
0.0449
0.0481
0.0501
0.9402
0.9392
0.9390
0.9355
0.9336
0.9331
0.9277
0.0007
0.3846
0.4740
0.4847
0.4930
0.4962
0.4974
0.4984
0.4977
0.4982
0.5013
0.5013
0.5009
0.5018
0.4989
0.5021
0.0063
0.0063
0.0083
0.0103
0.0127
0.0205
0.0237
0.0266
0.0234
0.0254
0.0274
0.0342
0.0364
0.0327
0.0408
0.0359
0.0391
0.0444
0.0418
0.0454
0.0466
0.0457
0.0252
0.9387
0.9390
0.9365
0.9375
0.9348
0.9297
0.9089
0.2982
0.4574
0.4830
0.4930
0.4926
0.4965
0.4984
0.4996
0.4994
0.5009
0.5001
0.5018
0.5004
0.5011
0.5013
0.0078
0.0042
0.0127
0.0088
0.0134
0.0195
0.0161
0.0195
0.0222
0.0276
0.0274
0.0337
0.0313
0.0361
0.0342
0.0393
0.0391
0.0400
0.0396
0.0469
0.0440
0.0452
0.0501
0.9397
0.9390
0.9392
0.9350
0.9336
0.9316
0.9253
0.0029
0.4198
0.4764
0.4896
0.4933
0.4960
0.4974
0.4977
0.4994
0.4996
0.4994
0.5016
0.5021
0.5011
0.5016
0.0024
0.0049
0.0100
0.0132
0.0125
0.0129
0.0195
0.0193
0.0264
0.0278
0.0278
0.0200
0.0295
0.0371
0.0342
0.0347
0.0361
0.0430
0.0444
0.0469
0.0444
0.0484
0.0496
0.9390
0.9402
0.9385
0.9355
0.9370
0.9331
0.9289
0.1109
0.3519
0.4645
0.4845
0.4896
0.4955
0.4967
0.4989
0.4989
0.4984
0.5004
0.5009
0.5001
0.5011
0.5018
0.5004
0.0042
0.0103
0.0122
0.0132
0.0159
0.0178
0.0181
0.0198
0.0274
0.0269
0.0327
0.0317
0.0335
0.0359
0.0398
0.0376
0.0400
0.0427
0.0476
0.0466
0.0435
0.0479
0.0474
0.9411
0.9402
0.9358
0.9355
0.9353
0.9287
0.9184
0.0044
0.4444
0.4799
0.4935
0.4943
0.4972
0.4989
0.5004
0.4994
0.4989
0.4989
0.5006
0.5021
0.5004
0.5026
0.0054
0.0049
0.0100
0.0095
0.0200
0.0195
0.0208
0.0193
0.0252
0.0239
0.0274
0.0330
0.0327
0.0361
0.0366
0.0352
0.0371
0.0435
0.0435
0.0469
0.0422
0.0440
0.0488
0.9394
0.9404
0.9326
0.9358
0.9355
0.9321
0.9282
0.0046
0.3875
0.4713
0.4860
0.4938
0.4967
0.4967
0.4987
0.5013
0.5006
0.5013
0.5023
0.5021
0.5013
0.5016
0.4996
0.0066
0.0081
0.0122
0.0151
0.0181
0.0193
0.0232
0.0210
0.0239
0.0244
0.0335
0.0286
0.0371
0.0327
0.0403
0.0410
0.0427
0.0447
0.0462
0.0471
0.0476
0.0488
0.0237
0.9402
0.9397
0.9370
0.9358
0.9326
0.9292
0.9121
0.2974
0.4537
0.4855
0.4889
0.4955
0.4984
0.4977
0.4989
0.5011
0.4999
0.5018
0.5006
0.4984
0.5009
0.5013
0.0061
0.0115
0.0085
0.0139
0.0181
0.0215
0.0222
0.0210
0.0269
0.0266
0.0320
0.0317
0.0349
0.0332
0.0359
0.0400
0.0369
0.0410
0.0398
0.0415
0.0425
0.0469
0.0452
0.9394
0.9394
0.9375
0.9368
0.9343
0.9331
0.9236
0.0002
0.4212
0.4740
0.4874
0.4940
0.4955
0.4989
0.5004
0.4999
0.4989
0.5006
0.4991
0.5021
0.5018
0.5006
0.0051
0.0073
0.0127
0.0088
0.0105
0.0159
0.0222
0.0237
0.0261
0.0274
0.0313
0.0322
0.0303
0.0305
0.0371
0.0357
0.0371
0.0379
0.0403
0.0437
0.0464
0.0474
0.0449
0.9419
0.9375
0.9375
0.9375
0.9365
0.9326
0.9270
0.2413
0.3487
0.4640
0.4842
0.4940
0.4950
0.4987
0.4989
0.5004
0.5016
0.5013
0.5013
0.4996
0.5001
0.5021
0.5013
0.0029
0.0098
0.0107
0.0156
0.0142
0.0208
0.0190
0.0205
0.0274
0.0247
0.0269
0.0283
0.0347
0.0381
0.0352
0.0405
0.0371
0.0403
0.0405
0.0481
0.0442
0.0454
0.0462
0.9394
0.9375
0.9370
0.9355
0.9346
0.9311
0.9197
0.0007
0.4452
0.4799
0.4904
0.4952
0.4984
0.4967
0.4999
0.5004
0.5009
0.4996
0.5028
0.5013
0.5011
0.5004
0.0024
0.0090
0.0081
0.0110
0.0112
0.0186
0.0200
0.0195
0.0225
0.0237
0.0286
0.0315
0.0342
0.0359
0.0361
0.0383
0.0420
0.0396
0.0442
0.0408
0.0462
0.0454
0.0454
0.9407
0.9375
0.9365
0.9346
0.9363
0.9324
0.9270
0.0007
0.3846
0.4698
0.4877
0.4940
0.4974
0.4982
0.4982
0.4989
0.5021
0.5006
0.5026
0.5006
0.5011
0.5013
0.5018
0.0071
0.0103
0.0117
0.0156
0.0139
0.0161
0.0176
0.0269
0.0271
0.0283
0.0281
0.0342
0.0337
0.0364
0.0396
0.0381
0.0386
0.0427
0.0403
0.0481
0.0444
0.0440
0.0252
0.9404
0.9392
0.9363
0.9350
0.9321
0.9306
0.9084
0.2962
0.4567
0.4818
0.4911
0.4945
0.4972
0.4979
0.5004
0.4989
0.5021
0.5009
0.5016
0.5013
0.5011
0.5004
0.0037
0.0093
0.0078
0.0088
0.0186
0.0147
0.0205
0.0208
0.0230
0.0281
0.0278
0.0330
0.0344
0.0357
0.0396
0.0369
0.0391
0.0396
0.0452
0.0454
0.0488
0.0430
0.0493
0.9399
0.9375
0.9387
0.9363
0.9365
0.9299
0.9263
0.0022
0.4210
0.4755
0.4862
0.4947
0.4945
0.4962
0.4994
0.4994
0.5013
0.5004
0.5013
0.5021
0.5001
0.5021
0.0020
0.0059
0.0095
0.0066
0.0125
0.0178
0.0161
0.0247
0.0256
0.0244
0.0286
0.0300
0.0354
0.0376
0.0386
0.0354
0.0403
0.0437
0.0359
0.0413
0.0481
0.0432
0.0488
0.9394
0.9380
0.9372
0.9390
0.9353
0.9346
0.9248
0.2781
0.3477
0.4659
0.4842
0.4916
0.4972
0.4972
0.5001
0.4979
0.5006
0.5028
0.5001
0.4994
0.5001
0.5011
0.5023
0.0034
0.0112
0.0088
0.0142
0.0142
0.0181
0.0173
0.0259
0.0239
0.0295
0.0283
0.0305
0.0361
0.0361
0.0400
0.0379
0.0435
0.0410
0.0410
0.0462
0.0442
0.0496
0.0454
0.9409
0.9397
0.9368
0.9358
0.9343
0.9319
0.9179
0.0000
0.4432
0.4821
0.4906
0.4945
0.4965
0.4991
0.4994
0.5006
0.5121
0.5018
0.4989
0.5006
0.5013
0.4977
0.0073
0.0098
0.0085
0.0144
0.0166
0.0198
0.0166
0.0220
0.0234
0.0249
0.0300
0.0271
0.0305
0.0381
0.0398
0.0359
0.0381
0.0430
0.0403
0.0408
0.0452
0.0476
0.0501
0.9375
0.9390
0.9380
0.9353
0.9348
0.9326
0.9280
0.0046
0.3880
0.4725
0.4869
0.4926
0.4945
0.4989
0.5004
0.5009
0.4991
0.4994
0.4999
0.5006
0.5023
0.5021
0.5026
0.0071
0.0093
0.0120
0.0093
0.0129
0.0161
0.0232
0.0269
0.0278
0.0293
0.0317
0.0298
0.0305
0.0383
0.0379
0.0410
0.0418
0.0393
0.0405
0.0422
0.0491
0.0442
0.0193
0.9409
0.9385
0.9360
0.9355
0.9324
0.9309
0.9096
0.2977
0.4549
0.4818
0.4911
0.4947
0.4950
0.4974
0.4991
0.5004
0.4989
0.4991
0.5013
0.5011
0.5013
0.5004
0.0024
0.0081
0.0103
0.0093
0.0176
0.0190
0.0220
0.0252
0.0278
0.0300
0.0288
0.0303
0.0339
0.0322
0.0342
0.0371
0.0376
0.0386
0.0413
0.0413
0.0435
0.0476
0.0459
0.9390
0.9392
0.9380
0.9348
0.9368
0.9314
0.9263
0.0000
0.4186
0.4762
0.4879
0.4940
0.4960
0.4969
0.4979
0.4977
0.5016
0.5016
0.5006
0.5013
0.5011
0.5004
0.0015
0.0034
0.0054
0.0127
0.0178
0.0137
0.0156
0.0181
0.0256
0.0256
0.0266
0.0332
0.0303
0.0322
0.0393
0.0405
0.0398
0.0435
0.0440
0.0422
0.0410
0.0435
0.0488
0.9392
0.9402
0.9385
0.9363
0.9355
0.9338
0.9277
0.1756
0.3519
0.4650
0.4847
0.4943
0.4952
0.5001
0.5004
0.4994
0.5013
0.5011
0.4996
0.4962
0.4991
0.5018
0.5016
0.0059
0.0073
0.0076
0.0142
0.0159
0.0200
0.0220
0.0217
0.0283
0.0247
0.0269
0.0291
0.0361
0.0386
0.0400
0.0379
0.0422
0.0437
0.0398
0.0449
0.0476
0.0454
0.0462
0.9370
0.9392
0.9370
0.9368
0.9346
0.9272
0.9184
0.0037
0.4501
0.4803
0.4901
0.4947
0.4960
0.4991
0.4977
0.5001
0.4994
0.4996
0.5001
0.5018
0.4991
0.5013
0.0054
0.0088
0.0093
0.0117
0.0144
0.0188
0.0220
0.0186
0.0271
0.0247
0.0305
0.0293
0.0313
0.0327
0.0386
0.0361
0.0376
0.0444
0.0457
0.0447
0.0469
0.0462
0.0454
0.9380
0.9399
0.9382
0.9355
0.9350
0.9338
0.9243
0.0000
0.4134
0.4733
0.4877
0.4940
0.4952
0.4994
0.4972
0.5006
0.5016
0.4991
0.5026
0.5006
0.5021
0.5004
0.0017
0.0044
0.0071
0.0105
0.0125
0.0188
0.0176
0.0232
0.0259
0.0249
0.0225
0.0330
0.0342
0.0364
0.0391
0.0408
0.0349
0.0388
0.0447
0.0493
0.0469
0.0469
0.0440
0.9407
0.9394
0.9377
0.9360
0.9346
0.9336
0.9277
0.1932
0.3538
0.4652
0.4835
0.4918
0.4967
0.4974
0.4979
0.4989
0.4991
0.4996
0.4994
0.5001
0.5001
0.5026
0.5023
0.0095
0.0044
0.0120
0.0147
0.0125
0.0190
0.0212
0.0249
0.0225
0.0266
0.0259
0.0337
0.0376
0.0337
0.0347
0.0374
0.0376
0.0420
0.0408
0.0462
0.0474
0.0488
0.0523
0.9385
0.9399
0.9355
0.9355
0.9331
0.9302
0.9199
0.0054
0.4413
0.4830
0.4908
0.4965
0.5001
0.4974
0.4974
0.5009
0.5028
0.4994
0.5004
0.4969
0.5009
0.5013
0.0071
0.0020
0.0059
0.0112
0.0171
0.0188
0.0208
0.0247
0.0247
0.0230
0.0271
0.0344
0.0335
0.0352
0.0383
0.0405
0.0425
0.0457
0.0454
0.0408
0.0435
0.0442
0.0486
0.9394
0.9385
0.9385
0.9380
0.9358
0.9324
0.9270
0.0000
0.3890
0.4701
0.4864
0.4923
0.4974
0.4984
0.4979
0.4984
0.5016
0.4987
0.5013
0.5006
0.5021
0.5004
0.5001
0.0054
0.0103
0.0095
0.0134
0.0186
0.0176
0.0230
0.0264
0.0271
0.0295
0.0278
0.0317
0.0293
0.0386
0.0386
0.0405
0.0405
0.0442
0.0393
0.0469
0.0479
0.0498
0.0239
0.9402
0.9394
0.9375
0.9358
0.9353
0.9284
0.9082
0.2965
0.4564
0.4835
0.4935
0.4938
0.4960
0.4972
0.5009
0.5011
0.5011
0.5021
0.5009
0.5031
0.5009
0.4996
0.0029
0.0044
0.0076
0.0117
0.0176
0.0161
0.0217
0.0200
0.0230
0.0303
0.0313
0.0300
0.0359
0.0327
0.0379
0.0357
0.0376
0.0435
0.0457
0.0440
0.0430
0.0442
0.0469
0.9390
0.9390
0.9382
0.9346
0.9375
0.9316
0.9267
0.0034
0.4208
0.4752
0.4901
0.4930
0.4987
0.4974
0.4979
0.5011
0.4996
0.4994
0.5011
0.5004
0.5011
0.4999
0.0061
0.0127
0.0068
0.0093
0.0149
0.0176
0.0156
0.0252
0.0254
0.0291
0.0239
0.0281
0.0352
0.0305
0.0386
0.0405
0.0405
0.0435
0.0420
0.0425
0.0425
0.0469
0.0501
0.9409
0.9390
0.9370
0.9355
0.9355
0.9324
0.9277
0.2381
0.3516
0.4640
0.4867
0.4928
0.4965
0.4977
0.4994
0.4991
0.4991
0.5016
0.5016
0.5023
0.5006
0.5006
0.5001
0.0078
0.0093
0.0125
0.0156
0.0183
0.0168
0.0234
0.0198
0.0276
0.0247
0.0313
0.0288
0.0371
0.0335
0.0361
0.0359
0.0413
0.0408
0.0452
0.0415
0.0464
0.0498
0.0515
0.9394
0.9387
0.9380
0.9372
0.9360
0.9321
0.9175
0.0056
0.4469
0.4808
0.4904
0.4943
0.4962
0.4989
0.5013
0.4991
0.4991
0.4991
0.5021
0.5009
0.5013
0.5026
0.0078
0.0088
0.0083
0.0151
0.0127
0.0149
0.0171
0.0203
0.0220
0.0283
0.0269
0.0322
0.0295
0.0337
0.0361
0.0344
0.0369
0.0440
0.0447
0.0471
0.0444
0.0481
0.0457
0.9387
0.9390
0.9394
0.9380
0.9348
0.9333
0.9280
0.0054
0.3878
0.4698
0.4882
0.4923
0.4960
0.4982
0.4969
0.4984
0.4984
0.4989
0.4999
0.5009
0.5001
0.5013
0.5026
0.0032
0.0063
0.0142
0.0149
0.0186
0.0178
0.0178
0.0269
0.0225
0.0313
0.0264
0.0339
0.0317
0.0352
0.0386
0.0388
0.0391
0.0449
0.0418
0.0422
0.0440
0.0488
0.0244
0.9407
0.9377
0.9341
0.9328
0.9336
0.9311
0.9109
0.3031
0.4576
0.4852
0.4916
0.4967
0.4960
0.4972
0.4979
0.5004
0.5011
0.5023
0.5018
0.5004
0.5018
0.5028
0.0034
0.0098
0.0068
0.0095
0.0164
0.0171
0.0188
0.0227
0.0283
0.0347
0.0283
0.0293
0.0354
0.0374
0.0347
0.0403
0.0420
0.0391
0.0435
0.0430
0.0435
0.0501
0.0462
0.9382
0.9407
0.9385
0.9358
0.9350
0.9319
0.9243
0.0000
0.4176
0.4747
0.4899
0.4921
0.4972
0.4982
0.4979
0.5004
0.4977
0.5011
0.5009
0.5001
0.5013
0.5001
0.0059
0.0049
0.0112
0.0088
0.0181
0.0173
0.0208
0.0186
0.0244
0.0283
0.0271
0.0317
0.0352
0.0325
0.0393
0.0405
0.0420
0.0391
0.0413
0.0413
0.0449
0.0491
0.0447
0.9411
0.9399
0.9368
0.9368
0.9360
0.9328
0.9277
0.1761
0.3538
0.4647
0.4855
0.4930
0.4972
0.4974
0.5011
0.5006
0.4987
0.5021
0.5011
0.5004
0.5006
0.5013
0.5018
0.0034
0.0107
0.0083
0.0107
0.0132
0.0156
0.0230
0.0249
0.0295
0.0247
0.0288
0.0347
0.0313
0.0347
0.0388
0.0371
0.0381
0.0440
0.0427
0.0466
0.0481
0.0449
0.0508
0.9387
0.9453
0.9390
0.9370
0.9358
0.9309
0.9179
0.0002
0.4466
0.4794
0.4904
0.4952
0.4952
0.5006
0.4987
0.5013
0.5016
0.5004
0.5001
0.5006
0.5006
0.5006
0.0051
0.0073
0.0051
0.0132
0.0164
0.0144
0.0171
0.0220
0.0237
0.0325
0.0266
0.0327
0.0335
0.0332
0.0354
0.0405
0.0374
0.0388
0.0452
0.0442
0.0449
0.0437
0.0498
0.9394
0.9407
0.9382
0.9370
0.9360
0.9324
0.9282
0.0002
0.3856
0.4723
0.4879
0.4913
0.4974
0.4974
0.4979
0.4979
0.4989
0.4994
0.4979
0.4984
0.5011
0.5028
0.5023
0.0034
0.0090
0.0081
0.0122
0.0183
0.0151
0.0198
0.0200
0.0293
0.0298
0.0266
0.0283
0.0347
0.0344
0.0400
0.0361
0.0400
0.0410
0.0457
0.0432
0.0425
0.0493
0.0215
0.9375
0.9409
0.9375
0.9346
0.9331
0.9282
0.9096
0.2974
0.4562
0.4823
0.4921
0.4947
0.4950
0.4982
0.4994
0.5004
0.4987
0.5016
0.5006
0.4987
0.5018
0.5023
0.0056
0.0090
0.0120
0.0093
0.0176
0.0156
0.0190
0.0205
0.0247
0.0276
0.0298
0.0293
0.0354
0.0317
0.0357
0.0393
0.0366
0.0391
0.0432
0.0457
0.0425
0.0510
0.0481
0.9394
0.9372
0.9355
0.9370
0.9360
0.9331
0.9231
0.0000
0.4249
0.4759
0.4884
0.4945
0.4965
0.4950
0.4994
0.5001
0.5009
0.5004
0.5011
0.4996
0.5021
0.5016
0.0061
0.0039
0.0051
0.0139
0.0166
0.0178
0.0164
0.0186
0.0212
0.0269
0.0293
0.0288
0.0291
0.0366
0.0364
0.0337
0.0383
0.0410
0.0415
0.0457
0.0444
0.0452
0.0447
0.9407
0.9397
0.9390
0.9375
0.9370
0.9338
0.9275
0.2545
0.3504
0.4645
0.4847
0.4928
0.4957
0.4960
0.4977
0.5006
0.5011
0.5009
0.5001
0.5011
0.5026
0.5013
0.5016
0.0039
0.0081
0.0095
0.0083
0.0171
0.0188
0.0212
0.0254
0.0234
0.0249
0.0308
0.0317
0.0364
0.0335
0.0369
0.0325
0.0369
0.0410
0.0444
0.0420
0.0457
0.0488
0.0462
0.9394
0.9380
0.9365
0.9370
0.9350
0.9304
0.9199
0.0051
0.4437
0.4828
0.4921
0.4969
0.4972
0.4982
0.4979
0.4989
0.5006
0.5011
0.5011
0.5021
0.5004
0.5016
0.0051
0.0071
0.0083
0.0129
0.0120
0.0171
0.0171
0.0249
0.0227
0.0286
0.0259
0.0322
0.0335
0.0357
0.0349
0.0381
0.0410
0.0449
0.0413
0.0454
0.0447
0.0452
0.0493
0.9407
0.9399
0.9390
0.9380
0.9358
0.9346
0.9255
0.0005
0.3885
0.4720
0.4847
0.4950
0.4950
0.4972
0.4987
0.5006
0.5004
0.4994
0.5001
0.5006
0.5023
0.5001
0.5023
0.0054
0.0107
0.0073
0.0103
0.0161
0.0161
0.0244
0.0259
0.0276
0.0256
0.0327
0.0342
0.0325
0.0388
0.0349
0.0427
0.0376
0.0398
0.0413
0.0442
0.0484
0.0493
0.0239
0.9372
0.9375
0.9350
0.9375
0.9341
0.9294
0.9092
0.2955
0.4571
0.4823
0.4916
0.4960
0.4977
0.4969
0.4991
0.4994
0.5006
0.5013
0.5023
0.5016
0.4991
0.5023
0.0029
0.0046
0.0066
0.0081
0.0168
0.0203
0.0161
0.0217
0.0252
0.0242
0.0325
0.0317
0.0366
0.0374
0.0383
0.0357
0.0379
0.0398
0.0447
0.0471
0.0435
0.0484
0.0479
0.9414
0.9385
0.9382
0.9380
0.9358
0.9341
0.9236
0.0005
0.4244
0.4759
0.4877
0.4926
0.4977
0.4987
0.4994
0.5013
0.5006
0.4989
0.5001
0.5011
0.5009
0.4996
0.0017
0.0056
0.0107
0.0115
0.0166
0.0149
0.0220
0.0242
0.0217
0.0254
0.0274
0.0337
0.0315
0.0381
0.0403
0.0361
0.0376
0.0383
0.0449
0.0469
0.0437
0.0444
0.0525
0.9407
0.9375
0.9380
0.9385
0.9358
0.9341
0.9267
0.1480
0.3538
0.4645
0.4882
0.4908
0.4943
0.4974
0.5009
0.4982
0.4999
0.5006
0.5011
0.5006
0.5016
0.5021
0.5031
0.0073
0.0049
0.0107
0.0166
0.0181
0.0147
0.0210
0.0205
0.0278
0.0254
0.0303
0.0317
0.0376
0.0349
0.0400
0.0418
0.0435
0.0459
0.0442
0.0420
0.0449
0.0488
0.0488
0.9404
0.9375
0.9375
0.9370
0.9341
0.9309
0.9175
0.0002
0.4444
0.4808
0.4891
0.4950
0.4950
0.4989
0.4989
0.4994
0.5001
0.5011
0.4991
0.5006
0.5021
0.4994
0.0022
0.0042
0.0088
0.0103
0.0147
0.0205
0.0183
0.0249
0.0217
0.0274
0.0293
0.0303
0.0359
0.0352
0.0371
0.0435
0.0430
0.0391
0.0464
0.0425
0.0488
0.0444
0.0503
0.9402
0.9402
0.9372
0.9355
0.9343
0.9355
0.9277
0.0007
0.3858
0.4720
0.4857
0.4940
0.4947
0.4979
0.4982
0.4982
0.4984
0.4991
0.5016
0.5026
0.4996
0.4989
0.4991
0.0032
0.0085
0.0083
0.0161
0.0122
0.0159
0.0237
0.0215
0.0278
0.0315
0.0300
0.0300
0.0371
0.0393
0.0400
0.0361
0.0398
0.0454
0.0464
0.0430
0.0498
0.0491
0.0249
0.9392
0.9387
0.9372
0.9365
0.9326
0.9302
0.9087
0.2972
0.4564
0.4833
0.4928
0.4945
0.4984
0.4984
0.5004
0.5023
0.4991
0.4994
0.4991
0.5023
0.4994
0.4996
0.0039
0.0103
0.0129
0.0151
0.0178
0.0200
0.0186
0.0256
0.0247
0.0259
0.0276
0.0303
0.0325
0.0364
0.0354
0.0393
0.0427
0.0391
0.0418
0.0459
0.0479
0.0469
0.0510
0.9411
0.9409
0.9390
0.9350
0.9358
0.9311
0.9258
0.0054
0.4210
0.4764
0.4862
0.4947
0.4984
0.4979
0.5001
0.4994
0.5016
0.4989
0.5021
0.5045
0.5028
0.5016
0.0042
0.0046
0.0073
0.0090
0.0168
0.0164
0.0166
0.0195
0.0227
0.0288
0.0317
0.0327
0.0320
0.0337
0.0396
0.0405
0.0398
0.0420
0.0410
0.0415
0.0449
0.0437
0.0496
0.9387
0.9380
0.9385
0.9375
0.9360
0.9350
0.9272
0.2628
0.3524
0.4647
0.4842
0.4908
0.4940
0.4960
0.4987
0.4982
0.5004
0.4999
0.5016
0.5001
0.5023
0.5028
0.5011
0.0051
0.0066
0.0115
0.0151
0.0171
0.0188
0.0176
0.0234
0.0225
0.0303
0.0281
0.0300
0.0315
0.0371
0.0405
0.0366
0.0440
0.0435
0.0415
0.0442
0.0481
0.0479
0.0562
0.9390
0.9353
0.9382
0.9353
0.9350
0.9302
0.9184
0.0054
0.4449
0.4794
0.4913
0.4930
0.4955
0.4972
0.5011
0.4991
0.5018
0.4984
0.5006
0.5001
0.5006
0.5013
0.0078
0.0100
0.0125
0.0132
0.0115
0.0147
0.0220
0.0239
0.0230
0.0274
0.0259
0.0327
0.0335
0.0322
0.0396
0.0361
0.0383
0.0422
0.0420
0.0440
0.0430
0.0474
0.0493
0.9404
0.9397
0.9370
0.9360
0.9333
0.9321
0.9280
0.0024
0.4068
0.4713
0.4877
0.4928
0.4947
0.4994
0.4996
0.5013
0.5006
0.5018
0.5013
0.5013
0.5026
0.5028
0.5033
0.0100
0.0078
0.0129
0.0147
0.0132
0.0171
0.0181
0.0261
0.0244
0.0274
0.0325
0.0313
0.0337
0.0357
0.0398
0.0381
0.0413
0.0452
0.0440
0.0464
0.0435
0.0476
0.9492
0.9377
0.9387
0.9377
0.9372
0.9348
0.9306
0.8850
0.3216
0.4628
0.4838
0.4916
0.4930
0.4977
0.5004
0.5004
0.5004
0.5011
0.5001
0.4987
0.5016
0.4984
0.5018
0.0056
0.0049
0.0083
0.0125
0.0193
0.0200
0.0220
0.0232
0.0269
0.0300
0.0313
0.0330
0.0327
0.0327
0.0371
0.0366
0.0391
0.0425
0.0432
0.0479
0.0486
0.0481
0.0474
0.9387
0.9382
0.9363
0.9358
0.9348
0.9319
0.9209
0.0044
0.4322
0.4779
0.4889
0.4945
0.4974
0.4974
0.4979
0.4989
0.5016
0.4979
0.5016
0.5021
0.5016
0.5033
0.0078
0.0083
0.0098
0.0095
0.0117
0.0171
0.0161
0.0249
0.0244
0.0252
0.0315
0.0278
0.0366
0.0357
0.0391
0.0400
0.0410
0.0418
0.0413
0.0440
0.0479
0.0486
0.0493
0.9397
0.9419
0.9363
0.9353
0.9365
0.9326
0.9289
0.0012
0.3705
0.4667
0.4879
0.4921
0.4952
0.4989
0.4969
0.4989
0.4991
0.5013
0.5013
0.5011
0.5021
0.4921
0.4991
0.0015
0.0085
0.0132
0.0159
0.0166
0.0156
0.0220
0.0239
0.0281
0.0278
0.0305
0.0337
0.0308
0.0393
0.0369
0.0405
0.0391
0.0435
0.0457
0.0422
0.0496
0.0488
0.0195
0.9409
0.9399
0.9360
0.9350
0.9346
0.9306
0.9165
0.0049
0.4518
0.4811
0.4916
0.4928
0.4967
0.4987
0.4994
0.4989
0.4982
0.5004
0.5004
0.5013
0.5016
0.5038
0.0032
0.0107
0.0110
0.0139
0.0171
0.0190
0.0220
0.0220
0.0220
0.0252
0.0325
0.0335
0.0357
0.0337
0.0396
0.0352
0.0418
0.0386
0.0457
0.0474
0.0452
0.0471
0.0501
0.9392
0.9394
0.9370
0.9346
0.9360
0.9326
0.9258
0.0005
0.4125
0.4733
0.4862
0.4938
0.4960
0.4977
0.5004
0.5001
0.5021
0.5001
0.5011
0.5021
0.5011
0.5011
0.5021
0.0068
0.0115
0.0100
0.0144
0.0193
0.0173
0.0200
0.0217
0.0266
0.0313
0.0325
0.0298
0.0337
0.0339
0.0366
0.0371
0.0430
0.0444
0.0452
0.0425
0.0464
0.0491
0.9404
0.9385
0.9375
0.9387
0.9355
0.9333
0.9282
0.8886
0.3302
0.4620
0.4864
0.4911
0.4969
0.4977
0.4969
0.5004
0.5009
0.4999
0.5026
0.5016
0.5011
0.5018
0.5035
0.0076
0.0103
0.0125
0.0127
0.0176
0.0181
0.0181
0.0259
0.0283
0.0305
0.0252
0.0313
0.0349
0.0332
0.0408
0.0393
0.0391
0.0396
0.0420
0.0425
0.0435
0.0474
0.0454
0.9397
0.9390
0.9392
0.9360
0.9355
0.9302
0.9223
0.0017
0.4442
0.4777
0.4904
0.4960
0.4952
0.4989
0.4994
0.5018
0.4991
0.5016
0.4984
0.5001
0.5028
0.5006
0.0049
0.0024
0.0071
0.0127
0.0147
0.0156
0.0220
0.0208
0.0220
0.0239
0.0283
0.0278
0.0327
0.0357
0.0376
0.0364
0.0383
0.0440
0.0422
0.0459
0.0427
0.0452
0.0469
0.9431
0.9380
0.9399
0.9360
0.9370
0.9331
0.9277
0.0051
0.3734
0.4676
0.4872
0.4921
0.4957
0.4994
0.4977
0.4979
0.4996
0.4984
0.5016
0.5021
0.5013
0.4996
0.5018
0.0054
0.0100
0.0129
0.0147
0.0139
0.0188
0.0227
0.0259
0.0283
0.0313
0.0313
0.0291
0.0357
0.0388
0.0376
0.0422
0.0435
0.0420
0.0413
0.0452
0.0452
0.0496
0.0205
0.9399
0.9368
0.9380
0.9358
0.9358
0.9302
0.9143
0.0037
0.4523
0.4833
0.4901
0.4940
0.5053
0.4974
0.5009
0.4994
0.5009
0.5004
0.5004
0.4991
0.5016
0.5013
0.0039
0.0105
0.0098
0.0149
0.0151
0.0195
0.0176
0.0220
0.0274
0.0266
0.0281
0.0286
0.0364
0.0354
0.0349
0.0374
0.0405
0.0437
0.0476
0.0471
0.0383
0.0452
0.0462
0.9385
0.9382
0.9372
0.9355
0.9360
0.9341
0.9275
0.0012
0.4137
0.4737
0.4889
0.4943
0.4960
0.4972
0.4982
0.5018
0.5009
0.5016
0.4996
0.5001
0.5021
0.5021
0.5011
0.0049
0.0112
0.0078
0.0149
0.0161
0.0212
0.0237
0.0210
0.0276
0.0288
0.0330
0.0322
0.0325
0.0342
0.0408
0.0398
0.0442
0.0449
0.0430
0.0422
0.0462
0.0513
0.9460
0.9402
0.9377
0.9355
0.9365
0.9336
0.9297
0.8882
0.3326
0.4623
0.4845
0.4913
0.4991
0.4969
0.4974
0.5009
0.4979
0.5023
0.4991
0.5016
0.5004
0.4991
0.5004
0.0068
0.0066
0.0129
0.0100
0.0186
0.0156
0.0239
0.0249
0.0274
0.0276
0.0313
0.0337
0.0330
0.0369
0.0393
0.0381
0.0437
0.0437
0.0391
0.0425
0.0447
0.0457
0.0525
0.9375
0.9387
0.9390
0.9363
0.9348
0.9319
0.9209
0.0002
0.4364
0.4784
0.4891
0.4930
0.4972
0.4979
0.4982
0.5021
0.4987
0.5026
0.5006
0.5018
0.5004
0.5004
0.0034
0.0068
0.0088
0.0142
0.0110
0.0200
0.0198
0.0188
0.0271
0.0295
0.0320
0.0320
0.0295
0.0317
0.0383
0.0413
0.0422
0.0449
0.0459
0.0430
0.0447
0.0484
0.0510
0.9390
0.9375
0.9382
0.9355
0.9363
0.9333
0.9275
0.0059
0.3692
0.4698
0.4869
0.4921
0.4940
0.4979
0.4991
0.5006
0.5001
0.5001
0.4999
0.4996
0.5023
0.4989
0.5021
0.0039
0.0112
0.0073
0.0107
0.0132
0.0156
0.0237
0.0244
0.0293
0.0298
0.0342
0.0330
0.0347
0.0386
0.0405
0.0430
0.0469
0.0413
0.0466
0.0471
0.0491
0.0476
0.0227
0.9397
0.9375
0.9358
0.9365
0.9350
0.9292
0.9153
0.0007
0.4525
0.4808
0.4926
0.4960
0.4940
0.4989
0.5006
0.4987
0.4984
0.4991
0.4996
0.5026
0.5031
0.5018
0.0039
0.0085
0.0073
0.0134
0.0181
0.0198
0.0188
0.0200
0.0232
0.0237
0.0300
0.0332
0.0327
0.0388
0.0342
0.0405
0.0383
0.0398
0.0457
0.0427
0.0491
0.0493
0.0469
0.9382
0.9385
0.9360
0.9370
0.9353
0.9314
0.9243
0.0000
0.4156
0.4737
0.4882
0.4933
0.4955
0.4996
0.4974
0.4991
0.4984
0.5001
0.5011
0.5018
0.5013
0.5018
0.0034
0.0085
0.0112
0.0129
0.0117
0.0183
0.0166
0.0181
0.0237
0.0286
0.0283
0.0313
0.0347
0.0359
0.0388
0.0371
0.0420
0.0425
0.0464
0.0440
0.0449
0.0505
0.0510
0.9414
0.9382
0.9385
0.9375
0.9343
0.9341
0.9292
0.0999
0.3534
0.4637
0.4862
0.4918
0.4965
0.4965
0.4979
0.4955
0.5016
0.5011
0.4984
0.4989
0.5006
0.5016
0.5026
0.0083
0.0044
0.0110
0.0139
0.0183
0.0149
0.0171
0.0225
0.0254
0.0293
0.0325
0.0344
0.0371
0.0369
0.0354
0.0413
0.0430
0.0457
0.0469
0.0476
0.0444
0.0469
0.0523
0.9414
0.9360
0.9380
0.9365
0.9341
0.9321
0.9192
0.0056
0.4449
0.4818
0.4921
0.4930
0.4969
0.4994
0.4989
0.5013
0.5006
0.5016
0.4996
0.5021
0.5004
0.5004
0.0039
0.0049
0.0095
0.0107
0.0178
0.0186
0.0173
0.0249
0.0217
0.0252
0.0308
0.0303
0.0359
0.0381
0.0337
0.0366
0.0374
0.0413
0.0415
0.0415
0.0469
0.0464
0.0488
0.9390
0.9385
0.9375
0.9360
0.9365
0.9333
0.9253
0.0039
0.3871
0.4728
0.4879
0.4913
0.4945
0.4984
0.4989
0.5004
0.4987
0.5006
0.5018
0.5013
0.5023
0.4996
0.5033
0.0056
0.0083
0.0078
0.0132
0.0193
0.0220
0.0200
0.0230
0.0281
0.0266
0.0332
0.0303
0.0327
0.0383
0.0371
0.0383
0.0391
0.0444
0.0420
0.0432
0.0435
0.0510
0.0230
0.9407
0.9372
0.9394
0.9370
0.9363
0.9309
0.9101
0.2940
0.4549
0.4838
0.4928
0.4960
0.4974
0.5001
0.5011
0.4996
0.5018
0.5026
0.4999
0.4991
0.5021
0.5035
0.0027
0.0081
0.0081
0.0110
0.0129
0.0208
0.0173
0.0205
0.0274
0.0232
0.0264
0.0308
0.0325
0.0337
0.0381
0.0386
0.0427
0.0400
0.0425
0.0498
0.0484
0.0452
0.0498
0.9390
0.9375
0.9372
0.9350
0.9343
0.9319
0.9236
0.0032
0.4200
0.4767
0.4904
0.4926
0.4972
0.4972
0.4996
0.4991
0.5001
0.4991
0.5001
0.5011
0.5009
0.4994
0.0071
0.0078
0.0107
0.0093
0.0164
0.0190
0.0171
0.0193
0.0269
0.0295
0.0303
0.0332
0.0293
0.0359
0.0327
0.0354
0.0420
0.0391
0.0410
0.0422
0.0464
0.0449
0.0491
0.9382
0.9424
0.9377
0.9355
0.9360
0.9333
0.9272
0.1653
0.3502
0.4652
0.4862
0.4926
0.4967
0.4972
0.5009
0.4996
0.4994
0.5013
0.4994
0.5060
0.5004
0.5023
0.4989
0.0020
0.0063
0.0132
0.0137
0.0125
0.0198
0.0217
0.0247
0.0227
0.0298
0.0322
0.0298
0.0366
0.0347
0.0386
0.0422
0.0371
0.0442
0.0413
0.0449
0.0464
0.0466
0.0479
0.9409
0.9375
0.9392
0.9350
0.9336
0.9304
0.9199
0.0000
0.4420
0.4833
0.4930
0.4940
0.4977
0.4965
0.5006
0.5001
0.5011
0.5018
0.4991
0.5013
0.5018
0.5013
0.0010
0.0051
0.0090
0.0098
0.0178
0.0166
0.0208
0.0208
0.0266
0.0293
0.0317
0.0332
0.0364
0.0322
0.0386
0.0413
0.0374
0.0444
0.0459
0.0405
0.0437
0.0454
0.0474
0.9394
0.9385
0.9353
0.9375
0.9341
0.9324
0.9263
0.0000
0.3863
0.4725
0.4877
0.4943
0.4957
0.4999
0.4996
0.5006
0.5011
0.5011
0.5009
0.5018
0.5004
0.5016
0.5011
0.0029
0.0054
0.0117
0.0159
0.0127
0.0208
0.0234
0.0256
0.0256
0.0261
0.0322
0.0286
0.0322
0.0381
0.0400
0.0413
0.0400
0.0449
0.0447
0.0449
0.0440
0.0476
0.0198
0.9385
0.9375
0.9390
0.9355
0.9331
0.9324
0.9116
0.2947
0.4581
0.4855
0.4913
0.4935
0.4972
0.5009
0.4996
0.5001
0.5011
0.5011
0.5006
0.5004
0.5006
0.5013
0.0081
0.0078
0.0066
0.0112
0.0151
0.0198
0.0181
0.0188
0.0278
0.0242
0.0315
0.0335
0.0303
0.0344
0.0376
0.0403
0.0430
0.0427
0.0452
0.0413
0.0479
0.0452
0.0503
0.9390
0.9394
0.9370
0.9355
0.9346
0.9333
0.9267
0.0000
0.4171
0.4752
0.4867
0.4947
0.4974
0.4984
0.5006
0.4989
0.5004
0.5009
0.5001
0.4989
0.4989
0.5028
0.0073
0.0034
0.0056
0.0139
0.0164
0.0186
0.0208
0.0230
0.0249
0.0242
0.0259
0.0283
0.0330
0.0347
0.0381
0.0405
0.0405
0.0432
0.0410
0.0444
0.0442
0.0449
0.0474
0.9397
0.9394
0.9390
0.9385
0.9348
0.9343
0.9292
0.2628
0.2628