0.5040
0.5023
0.5033
0.5009
0.5028
0.5023
0.5011
0.5055
0.5028
0.5011
0.4989
0.5013
0.4977
0.5001
0.5050
0.5016
0.5050
0.5001
0.5004
0.5006
0.5013
0.5021
0.4979
0.5006
0.5023
0.5013
0.4987
0.4996
0.4987
0.5023
0.4996
0.4984
0.5006
0.4994
0.5021
0.4982
0.5026
0.5023
0.5009
0.5001
0.5038
0.4989
0.5031
0.5001
0.5043
0.5023
0.5031
0.5004
0.5028
0.5038
0.5031
0.5016
0.5026
0.5023
0.5026
0.4928
0.0000
0.0054
0.0032
0.0063
0.0024
0.0007
0.0049
0.0000
0.0007
0.9236
0.9284
0.9265
0.9248
0.0049
0.3853
0.4713
0.4879
0.4952
0.4960
0.5045
0.4972
0.5018
0.5013
0.5013
0.5016
0.5004
0.5011
0.4982
0.4974
0.5016
0.5001
0.5004
0.5004
0.5031
0.5011
0.5018
0.4994
0.5028
0.5026
0.5040
0.4979
0.5023
0.5023
0.5021
0.5021
0.5045
0.5021
0.5153
0.5021
0.5013
0.5031
0.5045
0.5031
0.4999
0.4991
0.5018
0.5013
0.5028
0.4967
0.5035
0.5001
0.5035
0.5016
0.5045
0.5016
0.4999
0.5006
0.5033
0.5035
0.5035
0.5026
0.5033
0.5023
0.5009
0.5021
0.5018
0.5009
0.5050
0.5021
0.5050
0.5026
0.4989
0.5016
0.5031
0.4979
0.5006
0.5021
0.5001
0.5018
0.4991
0.5016
0.0056
0.0042
0.0012
0.0005
0.0042
0.0051
0.0015
0.0000
0.0044
0.9397
0.9248
0.9253
0.9253
0.9006
0.2962
0.4586
0.4845
0.4916
0.4977
0.4984
0.5016
0.4994
0.5031
0.5033
0.4960
0.5011
0.5004
0.4989
0.5040
0.5028
0.5043
0.5006
0.4982
0.5006
0.5001
0.5033
0.5013
0.4991
0.5004
0.5009
0.5023
0.5023
0.4965
0.5023
0.5031
0.4979
0.4984
0.5033
0.5006
0.5018
0.5031
0.5001
0.5001
0.5013
0.5031
0.5009
0.5033
0.5040
0.5001
0.5004
0.5026
0.5006
0.5040
0.5011
0.5013
0.5040
0.4989
0.5011
0.5026
0.5001
0.5004
0.5026
0.5013
0.5050
0.5026
0.5006
0.4967
0.5004
0.5016
0.5048
0.5021
0.5013
0.5011
0.5028
0.5035
0.4962
0.5045
0.5023
0.5016
0.5023
0.5072
0.0051
0.0032
0.0059
0.0039
0.0046
0.0059
0.0020
0.0044
0.0005
0.0012
0.9272
0.9270
0.9265
0.9209
0.0034
0.4410
0.4818
0.4935
0.4967
0.4987
0.4982
0.5033
0.5006
0.5001
0.4987
0.5016
0.5028
0.5031
0.5001
0.5021
0.5021
0.5023
0.5013
0.5009
0.5016
0.5031
0.5031
0.5021
0.5009
0.5018
0.5040
0.5067
0.5018
0.5016
0.5013
0.5013
0.5021
0.5021
0.4989
0.4947
0.5013
0.5040
0.5011
0.5028
0.5009
0.5001
0.5028
0.5006
0.5031
0.5040
0.5026
0.5004
0.5011
0.5016
0.5009
0.4991
0.5026
0.5011
0.5004
0.5021
0.5031
0.5006
0.5031
0.5035
0.4996
0.5033
0.5038
0.4943
0.5016
0.5023
0.5004
0.5011
0.4991
0.5026
0.5011
0.4974
0.5043
0.5045
0.5021
0.5026
0.5040
0.5006
0.0034
0.0000
0.0042
0.0005
0.0034
0.0039
0.0034
0.0000
0.0037
0.9258
0.9255
0.9241
0.9221
0.0049
0.4266
0.4791
0.4882
0.4899
0.4969
0.4984
0.4979
0.4991
0.5043
0.5011
0.4979
0.5009
0.4989
0.5001
0.5021
0.5004
0.5033
0.5026
0.4991
0.5021
0.5031
0.4977
0.5035
0.5016
0.5001
0.5031
0.5045
0.5018
0.4991
0.5016
0.5013
0.5006
0.5060
0.5006
0.5026
0.5033
0.5016
0.5053
0.5021
0.5011
0.5040
0.5023
0.5023
0.5011
0.5011
0.4991
0.5023
0.5018
0.5018
0.5031
0.5009
0.4991
0.5011
0.5001
0.5048
0.5023
0.4989
0.5004
0.5021
0.5021
0.5023
0.4987
0.5031
0.5048
0.5011
0.5009
0.5040
0.5021
0.5092
0.5033
0.5062
0.5040
0.4984
0.5023
0.5021
0.5021
0.5026
0.0032
0.0085
0.0044
0.0000
0.0046
0.0024
0.0042
0.0046
0.0051
0.9263
0.9250
0.9275
0.9243
0.0049
0.3951
0.4720
0.4899
0.4935
0.4960
0.5009
0.4972
0.4984
0.5026
0.4991
0.5006
0.5013
0.4987
0.5013
0.5028
0.5028
0.5013
0.5021
0.5013
0.5031
0.5031
0.5004
0.5021
0.5021
0.5004
0.4965
0.4989
0.5040
0.5011
0.5013
0.5013
0.5016
0.5013
0.4989
0.4977
0.5031
0.5021
0.5001
0.5038
0.5016
0.5026
0.5011
0.4996
0.5001
0.5053
0.5018
0.5006
0.4974
0.5011
0.5031
0.5021
0.5031
0.5006
0.5013
0.5026
0.4994
0.4979
0.5033
0.5006
0.4996
0.5021
0.5040
0.4994
0.5013
0.5031
0.5021
0.4972
0.4989
0.5011
0.5011
0.5016
0.5013
0.5028
0.5031
0.5038
0.5013
0.5033
0.0020
0.0039
0.0000
0.0044
0.0012
0.0061
0.0044
0.0002
0.0037
0.9277
0.9272
0.9253
0.9250
0.9009
0.3282
0.4652
0.4874
0.4940
0.4962
0.4989
0.5021
0.4972
0.4991
0.5028
0.5009
0.5028
0.5043
0.5018
0.5031
0.5035
0.5016
0.4950
0.5045
0.5033
0.5031
0.5028
0.5021
0.4965
0.5028
0.5043
0.5009
0.5009
0.5040
0.4996
0.5018
0.4984
0.5001
0.5006
0.4994
0.5018
0.5001
0.4996
0.5045
0.4989
0.5011
0.5018
0.5016
0.5033
0.5018
0.5021
0.5021
0.4952
0.4972
0.5021
0.5006
0.5016
0.4999
0.5082
0.5006
0.4991
0.5013
0.5004
0.4989
0.5021
0.5023
0.5009
0.5021
0.5011
0.5001
0.5038
0.5050
0.5021
0.5013
0.5028
0.5009
0.5026
0.4984
0.5038
0.5040
0.5040
0.5045
0.0042
0.0017
0.0051
0.0027
0.0056
0.0000
0.0044
0.0054
0.0000
0.0000
0.9287
0.9272
0.9253
0.9179
0.0010
0.4435
0.4840
0.4889
0.5013
0.5001
0.4991
0.4979
0.5009
0.4994
0.5016
0.5018
0.4994
0.4969
0.5013
0.4960
0.5009
0.5023
0.5006
0.4965
0.4989
0.4965
0.4989
0.5001
0.4994
0.4982
0.4999
0.5006
0.4987
0.5004
0.5004
0.5028
0.4994
0.4972
0.5009
0.5021
0.5001
0.4965
0.5031
0.5011
0.5004
0.4989
0.4977
0.4916
0.5033
0.5021
0.5011
0.5018
0.5004
0.4987
0.5035
0.5018
0.5009
0.5023
0.5001
0.5018
0.5018
0.5016
0.5006
0.5028
0.5028
0.5013
0.5011
0.5016
0.5011
0.5033
0.4972
0.5013
0.5033
0.5023
0.5021
0.5009
0.5033
0.5035
0.5001
0.4991
0.5026
0.5013
0.0015
0.0007
0.0051
0.0056
0.0020
0.0020
0.0059
0.0051
0.0049
0.9267
0.9253
0.9248
0.9233
0.0042
0.4335
0.4786
0.4943
0.4996
0.4974
0.5011
0.4972
0.5016
0.5028
0.4979
0.4996
0.5026
0.4989
0.5040
0.5009
0.5016
0.5035
0.5004
0.5021
0.5021
0.5023
0.5021
0.5006
0.5006
0.5009
0.5026
0.5006
0.4991
0.5004
0.5028
0.5013
0.5021
0.5011
0.5021
0.5040
0.5043
0.5016
0.5001
0.5028
0.5023
0.4982
0.5026
0.5018
0.5009
0.5023
0.5001
0.5006
0.5031
0.5021
0.4994
0.4987
0.5009
0.4982
0.5006
0.5033
0.4987
0.4982
0.4987
0.5031
0.5013
0.5006
0.4989
0.4979
0.5016
0.4996
0.5031
0.5001
0.5013
0.5023
0.5009
0.4979
0.5021
0.5018
0.5013
0.5031
0.5009
0.5035
0.0010
0.0042
0.0020
0.0000
0.0020
0.0044
0.0034
0.0046
0.0056
0.9258
0.9243
0.9253
0.9241
0.0059
0.4066
0.4730
0.4913
0.4943
0.4950
0.4955
0.5013
0.4987
0.4974
0.5031
0.5006
0.5001
0.5009
0.5001
0.5011
0.5028
0.5004
0.5031
0.4994
0.5018
0.4977
0.5004
0.5053
0.5016
0.5018
0.5004
0.4984
0.4996
0.5048
0.5011
0.5009
0.5018
0.5013
0.5009
0.5048
0.5013
0.5023
0.5009
0.5011
0.5011
0.5013
0.5018
0.5026
0.4987
0.5013
0.5028
0.5026
0.5028
0.5001
0.5035
0.5040
0.5035
0.5004
0.5033
0.4996
0.5018
0.5033
0.5001
0.4994
0.4991
0.4972
0.5031
0.5013
0.5023
0.5043
0.5023
0.5031
0.5021
0.5038
0.5021
0.5033
0.4987
0.5033
0.4994
0.5072
0.5016
0.5033
0.0044
0.0051
0.0007
0.0063
0.0000
0.0034
0.0059
0.0039
0.0002
0.9282
0.9253
0.9263
0.9250
0.0017
0.3595
0.4669
0.4879
0.4972
0.4955
0.4967
0.5018
0.5033
0.5026
0.5006
0.4957
0.4996
0.4947
0.5013
0.5035
0.5031
0.5028
0.4989
0.5013
0.5028
0.5028
0.5001
0.4987
0.5033
0.5006
0.5035
0.5033
0.5011
0.5028
0.4994
0.4943
0.5013
0.5013
0.5021
0.4979
0.4989
0.5004
0.5021
0.4987
0.5006
0.5011
0.4979
0.4994
0.5026
0.5006
0.5026
0.5033
0.4996
0.5009
0.4972
0.5033
0.5013
0.5031
0.5026
0.5011
0.5011
0.4979
0.5028
0.5009
0.5055
0.5013
0.4947
0.5018
0.5018
0.4987
0.5026
0.5023
0.5013
0.5011
0.4977
0.5011
0.5033
0.5011
0.5043
0.5040
0.5043
0.5048
0.0005
0.0042
0.0061
0.0015
0.0059
0.0068
0.0032
0.0005
0.0000
0.0000
0.9270
0.9270
0.9284
0.9114
0.2904
0.4567
0.4857
0.4938
0.4987
0.5009
0.5001
0.5001
0.5001
0.4987
0.4991
0.5023
0.4969
0.5035
0.5021
0.5043
0.5009
0.5009
0.4965
0.5033
0.5053
0.5009
0.5016
0.5013
0.5011
0.5023
0.4977
0.5031
0.4989
0.5023
0.5045
0.5018
0.5023
0.5001
0.4984
0.5006
0.5018
0.5028
0.4972
0.5048
0.5033
0.4991
0.4987
0.5053
0.4984
0.5021
0.5033
0.5038
0.5031
0.5026
0.5001
0.5031
0.5016
0.5009
0.5038
0.5004
0.5026
0.5011
0.4994
0.5021
0.4955
0.5040
0.4996
0.5016
0.5021
0.5021
0.5031
0.5040
0.5023
0.5016
0.5031
0.5031
0.5009
0.5009
0.4994
0.5026
0.5021
0.0010
0.0027
0.0000
0.0002
0.0012
0.0000
0.0042
0.0000
0.0000
0.0059
0.9272
0.9272
0.9260
0.9194
0.0015
0.4344
0.4833
0.4935
0.4957
0.4977
0.5021
0.4979
0.5031
0.5013
0.5009
0.4977
0.4989
0.5006
0.5013
0.4984
0.5013
0.5009
0.4994
0.5001
0.5035
0.5013
0.5021
0.5006
0.4984
0.4977
0.5048
0.5026
0.5006
0.5048
0.5021
0.5006
0.5031
0.5026
0.5038
0.5001
0.5016
0.4991
0.5001
0.5011
0.5016
0.5004
0.5060
0.5011
0.5031
0.5040
0.5013
0.5021
0.5053
0.5035
0.5043
0.5038
0.5040
0.4984
0.5018
0.5001
0.5004
0.5035
0.5011
0.5018
0.5021
0.5021
0.5031
0.5001
0.5031
0.5033
0.5021
0.5026
0.5028
0.4957
0.5021
0.5004
0.5033
0.5043
0.5009
0.4991
0.5040
0.4979
0.0059
0.0015
0.0088
0.0037
0.0049
0.0056
0.0049
0.0056
0.0024
0.9270
0.9253
0.9267
0.9245
0.0000
0.4139
0.4767
0.4923
0.4984
0.4984
0.4979
0.5011
0.5021
0.5043
0.5038
0.5048
0.5062
0.5031
0.4996
0.5013
0.5045
0.4979
0.5011
0.5016
0.5006
0.5031
0.5033
0.5021
0.5004
0.5040
0.5026
0.5021
0.5009
0.5028
0.5035
0.5021
0.5026
0.5045
0.5031
0.5011
0.5031
0.5001
0.5018
0.5016
0.5011
0.5035
0.5050
0.5018
0.5016
0.5016
0.5016
0.4987
0.5001
0.4969
0.5045
0.5053
0.5009
0.4987
0.5023
0.5035
0.5031
0.5001
0.5035
0.4972
0.4979
0.5001
0.5011
0.5023
0.5040
0.5026
0.5006
0.4994
0.5016
0.5004
0.5006
0.4994
0.4991
0.5009
0.5013
0.5021
0.5026
0.5053
0.0051
0.0022
0.0059
0.0034
0.0000
0.0046
0.0010
0.0049
0.0012
0.9280
0.9253
0.9267
0.9267
0.0061
0.3575
0.4667
0.4879
0.4950
0.4991
0.4960
0.5033
0.5053
0.4994
0.4991
0.5045
0.5028
0.5055
0.4994
0.5033
0.5023
0.5021
0.4962
0.5045
0.5028
0.5028
0.5050
0.5016
0.4996
0.5001
0.5004
0.5028
0.5028
0.5031
0.5009
0.5009
0.5035
0.5001
0.4994
0.5028
0.5033
0.5016
0.5040
0.5023
0.5040
0.5021
0.5011
0.5011
0.5031
0.5016
0.5018
0.5021
0.5040
0.5026
0.5021
0.5072
0.5021
0.5011
0.5031
0.5031
0.5021
0.5021
0.5026
0.4984
0.5045
0.5031
0.5001
0.5023
0.5028
0.5040
0.5021
0.5011
0.5035
0.5045
0.5043
0.4984
0.5070
0.5018
0.5028
0.5040
0.5043
0.4974
0.0007
0.0061
0.0029
0.0017
0.0007
0.0059
0.0054
0.0049
0.0054
0.0000
0.9267
0.9258
0.9238
0.9136
0.2838
0.4603
0.4855
0.4943
0.4989
0.5026
0.4962
0.5009
0.4991
0.4996
0.5013
0.4994
0.4989
0.5033
0.5016
0.5011
0.5001
0.5013
0.5026
0.5033
0.5018
0.5016
0.4967
0.5048
0.5023
0.5013
0.5048
0.5033
0.5016
0.5043
0.5013
0.5013
0.5023
0.5023
0.5011
0.4996
0.5013
0.5013
0.5031
0.4982
0.5018
0.4989
0.5033
0.5018
0.4962
0.5040
0.5011
0.5048
0.5033
0.4996
0.4989
0.5001
0.5018
0.5023
0.4989
0.5023
0.5011
0.5016
0.5023
0.5016
0.5065
0.4994
0.5006
0.5055
0.5001
0.5026
0.5021
0.5004
0.5040
0.5009
0.5045
0.5016
0.5023
0.5035
0.4996
0.5013
0.5033
0.0061
0.0071
0.0022
0.0005
0.0051
0.0024
0.0059
0.0044
0.0051
0.0044
0.9245
0.9238
0.9250
0.9179
0.0042
0.4413
0.4796
0.4913
0.5009
0.4955
0.4984
0.5021
0.5026
0.4979
0.5070
0.5021
0.4989
0.5001
0.5006
0.5035
0.5013
0.5009
0.5026
0.5067
0.4994
0.5031
0.4969
0.5011
0.5018
0.5045
0.5026
0.5028
0.5065
0.5048
0.5065
0.5023
0.5021
0.5050
0.5011
0.5013
0.5021
0.5050
0.5060
0.5045
0.5072
0.5040
0.5016
0.5035
0.5055
0.5031
0.5031
0.5038
0.5057
0.5011
0.5028
0.5065
0.5043
0.5021
0.5033
0.5031
0.5004
0.5040
0.5045
0.5048
0.5028
0.5048
0.5018
0.5021
0.5031
0.4974
0.5031
0.5045
0.5038
0.5026
0.4955
0.5026
0.5026
0.5031
0.5040
0.5048
0.5006
0.5050
0.0085
0.0081
0.0068
0.0083
0.0098
0.0063
0.0098
0.0066
0.0063
0.9221
0.9233
0.9228
0.9214
0.0073
0.4142
0.4816
0.4962
0.4972
0.4979
0.5031
0.5033
0.5087
0.5065
0.5084
0.5062
0.5158
0.5104
0.5199
0.5263
0.5326
0.5324
0.5258
0.5275
0.5277
0.5221
0.5248
0.5287
0.5216
0.5201
0.5162
0.5136
0.5099
0.5128
0.5155
0.5118
0.5133
0.5101
0.5133
0.5194
0.5123
0.5126
0.5111
0.5136
0.5128
0.5131
0.5160
0.5114
0.5082
0.5092
0.5057
0.5136
0.5148
0.5121
0.5143
0.5158
0.5162
0.5140
0.5155
0.5192
0.5179
0.5167
0.5099
0.5148
0.5167
0.5133
0.5179
0.5128
0.5099
0.5133
0.5099
0.5148
0.5106
0.5123
0.5153
0.5150
0.5121
0.5116
0.5084
0.5143
0.5140
0.5114
0.0212
0.0234
0.0205
0.0186
0.0181
0.0132
0.0166
0.0173
0.0198
0.9204
0.9189
0.9187
0.9194
0.0029
0.3846
0.4735
0.4950
0.5006
0.5043
0.5040
0.5070
0.5057
0.5072
0.5074
0.5079
0.5060
0.5079
0.5079
0.5099
0.5094
0.5092
0.5077
0.5121
0.5099
0.5104
0.5089
0.5079
0.5089
0.5062
0.5121
0.5118
0.5089
0.5101
0.5033
0.5121
0.5092
0.5099
0.5062
0.5099
0.5106
0.5028
0.5072
0.5079
0.5111
0.5074
0.5094
0.5121
0.5077
0.5131
0.5104
0.5092
0.5062
0.5118
0.5070
0.5145
0.5179
0.5201
0.5177
0.5189
0.5150
0.5201
0.5150
0.5092
0.5101
0.5136
0.5184
0.5099
0.5079
0.5079
0.5040
0.5089
0.5092
0.5089
0.5062
0.5060
0.5116
0.5060
0.5055
0.5111
0.5128
0.5074
0.0168
0.0161
0.0142
0.0149
0.0100
0.0186
0.0190
0.0234
0.0305
0.9182
0.9197
0.9148
0.9197
0.9150
0.3016
0.4686
0.4952
0.5001
0.5040
0.5101
0.5062
0.5060
0.5111
0.5092
0.5114
0.5099
0.5101
0.5089
0.5131
0.5138
0.5096
0.5084
0.5109
0.5089
0.5128
0.5062
0.5158
0.5116
0.5118
0.5145
0.5092
0.5123
0.5094
0.5092
0.5072
0.5040
0.5109
0.5087
0.5096
0.5072
0.5072
0.5104
0.5045
0.5048
0.5106
0.5101
0.5123
0.5065
0.5040
0.5048
0.5111
0.5070
0.5079
0.5096
0.5082
0.5106
0.5070
0.5072
0.5072
0.5045
0.5096
0.5038
0.5089
0.5053
0.5060
0.5057
0.5077
0.5089
0.5045
0.5074
0.5079
0.5050
0.5094
0.5074
0.5096
0.5082
0.5070
0.5040
0.5067
0.5053
0.5060
0.0117
0.0063
0.0100
0.0078
0.0107
0.0083
0.0049
0.0100
0.0073
0.0088
0.9206
0.9211
0.9209
0.9165
0.0061
0.4435
0.4877
0.4969
0.4994
0.5023
0.5031
0.5028
0.5033
0.5053
0.5040
0.4974
0.5031
0.5043
0.5021
0.5050
0.5050
0.5043
0.5067
0.4979
0.5035
0.5023
0.5045
0.5060
0.5055
0.5040
0.5060
0.5004
0.5033
0.5067
0.5055
0.5053
0.5055
0.5082
0.5057
0.5070
0.5050
0.5074
0.5079
0.5072
0.5028
0.5040
0.5033
0.5101
0.5043
0.5065
0.5053
0.5062
0.5026
0.5033
0.5043
0.5065
0.5092
0.5070
0.5065
0.5040
0.5023
0.5089
0.5065
0.5055
0.5082
0.5021
0.5087
0.5065
0.5089
0.5062
0.5092
0.5060
0.5082
0.5048
0.5062
0.5074
0.5101
0.5092
0.5057
0.5084
0.5082
0.5082
0.0105
0.0122
0.0151
0.0081
0.0078
0.0110
0.0098
0.0117
0.0144
0.9177
0.9184
0.9175
0.9160
0.0176
0.4337
0.4872
0.5028
0.5038
0.5038
0.5060
0.5072
0.5057
0.5067
0.5057
0.5057
0.5099
0.5099
0.5116
0.5148
0.5126
0.5123
0.5172
0.5179
0.5126
0.5123
0.5087
0.5062
0.5111
0.5106
0.5106
0.5060
0.5072
0.5050
0.5062
0.5023
0.5062
0.5050
0.5062
0.5048
0.5079
0.5040
0.5070
0.5079
0.5082
0.5021
0.5050
0.5053
0.5040
0.5084
0.5067
0.5062
0.5060
0.5079
0.5040
0.5072
0.5060
0.5087
0.5062
0.5050
0.5070
0.5079
0.5033
0.5079
0.5079
0.5060
0.5053
0.5079
0.5070
0.5072
0.5079
0.5048
0.5050
0.5079
0.5062
0.5048
0.5062
0.5055
0.5065
0.5057
0.5043
0.5072
0.0085
0.0105
0.0127
0.0107
0.0107
0.0088
0.0090
0.0054
0.0100
0.9182
0.9194
0.9199
0.9199
0.0049
0.3861
0.4777
0.4884
0.5021
0.5006
0.5038
0.5040
0.5060
0.5028
0.5018
0.5026
0.5028
0.5053
0.5001
0.5060
0.5040
0.5033
0.5070
0.5048
0.5026
0.5062
0.5070
0.5033
0.5050
0.5067
0.5079
0.5013
0.5118
0.5057
0.5060
0.5057
0.5082
0.5031
0.5065
0.5031
0.5067
0.5067
0.5057
0.5089
0.5050
0.5040
0.5028
0.5048
0.5048
0.5040
0.5072
0.5048
0.5065
0.5065
0.5055
0.5089
0.5050
0.5067
0.5033
0.5060
0.5055
0.5045
0.5026
0.5062
0.5001
0.5062
0.5062
0.5055
0.5050
0.5067
0.5067
0.5087
0.5031
0.5092
0.5057
0.5055
0.5045
0.5082
0.5060
0.5050
0.5026
0.5062
0.0059
0.0083
0.0078
0.0068
0.0090
0.0107
0.0110
0.0042
0.0066
0.9575
0.9187
0.9189
0.9206
0.9011
0.3138
0.4635
0.4874
0.5021
0.5004
0.4994
0.5062
0.5050
0.5045
0.5026
0.5045
0.5031
0.5031
0.5018
0.5043
0.5050
0.5040
0.5043
0.5045
0.5028
0.5060
0.5040
0.5023
0.5053
0.5040
0.5060
0.5055
0.5062
0.5028
0.5053
0.5089
0.5028
0.5026
0.5060
0.5053
0.5060
0.5035
0.5050
0.5062
0.5050
0.5040
0.5023
0.5062
0.5026
0.5074
0.5070
0.5048
0.5070
0.5023
0.5062
0.5050
0.4989
0.5013
0.5023
0.4989
0.5033
0.5057
0.5050
0.5031
0.5018
0.5048
0.5040
0.5011
0.5028
0.5060
0.5033
0.5031
0.5023
0.4930
0.5001
0.5016
0.5038
0.5031
0.5050
0.5050
0.5040
0.5050
0.0081
0.0081
0.0083
0.0044
0.0078
0.0073
0.0044
0.0071
0.0063
0.0042
0.9214
0.9216
0.9214
0.9187
0.0032
0.4471
0.4835
0.4950
0.4984
0.4984
0.5013
0.5053
0.5018
0.5021
0.5023
0.5026
0.5045
0.5028
0.5072
0.5013
0.5045
0.5045
0.5033
0.5067
0.5045
0.5026
0.5050
0.5072
0.5001
0.4991
0.5035
0.5053
0.5060
0.5050
0.5057
0.5057
0.5040
0.5057
0.5057
0.5040
0.5048
0.5038
0.5021
0.5053
0.5018
0.5035
0.5031
0.5067
0.5021
0.5009
0.5026
0.5021
0.5006
0.5040
0.5040
0.5089
0.5021
0.4996
0.5057
0.5065
0.5060
0.5006
0.5033
0.5043
0.5038
0.5043
0.5031
0.5013
0.5053
0.5045
0.5053
0.5035
0.5057
0.5045
0.5072
0.5035
0.5053
0.5045
0.5048
0.5031
0.5031
0.5053
0.0061
0.0063
0.0066
0.0051
0.0032
0.0054
0.0029
0.0093
0.0056
0.9219
0.9199
0.9233
0.9211
0.0068
0.4281
0.4799
0.4957
0.4962
0.5026
0.5006
0.5040
0.5011
0.5001
0.5026
0.5050
0.5031
0.5055
0.5038
0.5028
0.5026
0.5050
0.5016
0.5040
0.5043
0.5009
0.5035
0.5013
0.5050
0.5001
0.5016
0.5013
0.5045
0.5006
0.5079
0.5043
0.5040
0.5033
0.5040
0.5026
0.4967
0.5053
0.5045
0.5033
0.5035
0.5035
0.5048
0.5043
0.5070
0.5001
0.5021
0.5021
0.5028
0.5033
0.5031
0.5021
0.5006
0.5048
0.4972
0.5060
0.5013
0.5026
0.5028
0.5006
0.5023
0.5018
0.5031
0.5001
0.5001
0.4987
0.5028
0.5011
0.5035
0.5028
0.5050
0.5040
0.5043
0.5011
0.5053
0.5055
0.5033
0.5033
0.0017
0.0029
0.0112
0.0078
0.0054
0.0034
0.0042
0.0010
0.0078
0.9228
0.9245
0.9233
0.9228
0.0002
0.3988
0.4747
0.4911
0.4945
0.4991
0.4991
0.5048
0.5045
0.4982
0.4965
0.5033
0.5021
0.5038
0.5028
0.5016
0.4987
0.4989
0.5021
0.5040
0.5033
0.5053
0.5018
0.5021
0.5004
0.5067
0.5018
0.4989
0.5018
0.5026
0.5021
0.5053
0.5028
0.5013
0.5018
0.5021
0.5031
0.5035
0.5062
0.5038
0.5031
0.5045
0.5026
0.5018
0.5026
0.5031
0.5023
0.5045
0.5033
0.5016
0.5031
0.4967
0.5018
0.5031
0.5011
0.5038
0.5033
0.5021
0.5053
0.5050
0.5062
0.5055
0.5040
0.5023
0.5040
0.5021
0.5060
0.5001
0.5053
0.5013
0.5023
0.5043
0.5004
0.5021
0.5023
0.5033
0.5011
0.5057
0.0061
0.0039
0.0054
0.0037
0.0120
0.0042
0.0066
0.0068
0.0066
0.9243
0.9226
0.9236
0.9238
0.8650
0.3389
0.4713
0.4862
0.4913
0.5011
0.4994
0.5018
0.5006
0.5026
0.5021
0.5031
0.5040
0.5038
0.5009
0.5004
0.4989
0.5055
0.5009
0.5033
0.5043
0.5038
0.5043
0.5011
0.5031
0.5026
0.5011
0.5021
0.5023
0.5045
0.5031
0.5009
0.5035
0.5040
0.4994
0.5028
0.4969
0.5033
0.5038
0.5035
0.5028
0.5040
0.4984
0.5011
0.5023
0.5009
0.5021
0.4991
0.5013
0.5026
0.5021
0.5009
0.5011
0.4974
0.5011
0.4969
0.5023
0.5033
0.5038
0.5004
0.5013
0.5035
0.5033
0.5023
0.5045
0.5004
0.5023
0.5053
0.5018
0.5018
0.5033
0.5006
0.5018
0.5028
0.5023
0.4967
0.5033
0.4979
0.0049
0.0020
0.0034
0.0056
0.0029
0.0002
0.0051
0.0039
0.0020
0.0000
0.9243
0.9233
0.9250
0.9148
0.0068
0.4542
0.4852
0.4952
0.4984
0.5009
0.4994
0.5001
0.5053
0.5031
0.5055
0.5028
0.5040
0.5033
0.4994
0.5011
0.5033
0.5011
0.5004
0.4987
0.5043
0.5016
0.5043
0.5018
0.4987
0.5018
0.5031
0.5043
0.4996
0.4989
0.5011
0.5011
0.5031
0.5018
0.5009
0.5021
0.4994
0.4987
0.5023
0.5038
0.5031
0.4996
0.5033
0.5013
0.5035
0.5038
0.5004
0.5001
0.4994
0.5031
0.5045
0.5050
0.5023
0.5043
0.5045
0.5011
0.4979
0.5021
0.5043
0.5043
0.5016
0.5070
0.5001
0.5011
0.5033
0.5011
0.5033
0.5031
0.5013
0.5053
0.5016
0.5038
0.5004
0.5021
0.4982
0.5031
0.5023
0.0034
0.0017
0.0051
0.0020
0.0044
0.0034
0.0063
0.0024
0.0066
0.0015
0.9236
0.9226
0.9238
0.9201
0.0068
0.4398
0.4821
0.4947
0.4969
0.4979
0.5001
0.5006
0.4996
0.5011
0.5048
0.5004
0.5026
0.5009
0.5045
0.5033
0.5011
0.5009
0.5016
0.5033
0.5033
0.5043
0.5026
0.5065
0.5026
0.5043
0.5018
0.4979
0.5009
0.4989
0.5023
0.5065
0.5026
0.5033
0.5045
0.5018
0.5053
0.5045
0.5045
0.5016
0.5031
0.5067
0.5021
0.5067
0.5065
0.5016
0.5062
0.5035
0.5038
0.5072
0.5023
0.5035
0.5011
0.5057
0.5031
0.5021
0.5011
0.5004
0.5040
0.5011
0.5074
0.5035
0.5016
0.5057
0.5033
0.5018
0.5043
0.5004
0.5040
0.5040
0.5018
0.5050
0.5055
0.5033
0.5018
0.5018
0.5033
0.5016
0.0054
0.0071
0.0071
0.0073
0.0034
0.0034
0.0078
0.0042
0.0054
0.9233
0.9236
0.9214
0.9206
0.0085
0.4149
0.4764
0.4943
0.4974
0.4979
0.5021
0.4996
0.5050
0.5031
0.5040
0.5043
0.5031
0.5048
0.5057
0.5028
0.5045
0.5048
0.5011
0.5053
0.5062
0.5035
0.5021
0.5053
0.5053
0.5026
0.5028
0.5045
0.5070
0.5016
0.5060
0.5057
0.5023
0.5028
0.5035
0.5040
0.5026
0.5018
0.5045
0.5023
0.5079
0.5040
0.5050
0.5028
0.5043
0.5057
0.5040
0.5040
0.5045
0.5053
0.5031
0.5048
0.4974
0.5011
0.5060
0.5031
0.5053
0.5026
0.5016
0.5043
0.5060
0.4987
0.5035
0.5065
0.5021
0.5050
0.5033
0.5035
0.5050
0.5060
0.5040
0.5021
0.5057
0.5021
0.5055
0.5060
0.5050
0.5048
0.0054
0.0081
0.0093
0.0090
0.0039
0.0083
0.0039
0.0098
0.0071
0.9223
0.9214
0.9216
0.9221
0.0576
0.3502
0.4718
0.4901
0.4979
0.4984
0.5006
0.5089
0.5011
0.5035
0.5031
0.5065
0.5050
0.5028
0.5031
0.5021
0.5062
0.5040
0.5043
0.5074
0.5018
0.5043
0.5040
0.5055
0.5077
0.5045
0.5053
0.5055
0.5035
0.5033
0.5053
0.5057
0.5077
0.5099
0.5031
0.5060
0.5040
0.5094
0.5109
0.5067
0.5074
0.5040
0.5060
0.5001
0.5043
0.5045
0.5077
0.5074
0.5038
0.5055
0.5079
0.5060
0.5043
0.5062
0.5062
0.5079
0.5043
0.5023
0.5057
0.5057
0.5043
0.5050
0.5067
0.5067
0.5070
0.5079
0.5055
0.5043
0.5070
0.5082
0.5079
0.5053
0.5067
0.5045
0.5096
0.5045
0.5065
0.5035
0.0071
0.0073
0.0100
0.0088
0.0078
0.0122
0.0122
0.0098
0.0107
0.0000
0.9177
0.9182
0.9199
0.9128
0.2474
0.4584
0.4891
0.4969
0.5079
0.5062
0.5077
0.5084
0.5053
0.5043
0.5077
0.5048
0.5089
0.5072
0.5055
0.5092
0.5143
0.5116
0.5126
0.5111
0.5126
0.5140
0.5123
0.5106
0.5128
0.5133
0.5121
0.5094
0.5104
0.5077
0.5096
0.5099
0.5077
0.5143
0.5145
0.5133
0.5121
0.5070
0.5118
0.5121
0.5087
0.5123
0.5114
0.5114
0.5074
0.5101
0.5118
0.5077
0.5070
0.5092
0.5099
0.5116
0.5118
0.5082
0.5096
0.5084
0.5077
0.5104
0.5092
0.5101
0.5126
0.5104
0.5118
0.5109
0.5082
0.5116
0.5140
0.5160
0.5143
0.5128
0.5133
0.5143
0.5123
0.5138
0.5140
0.5101
0.5162
0.0237
0.0195
0.0200
0.0234
0.0237
0.0171
0.0217
0.0208
0.0195
0.0200
0.9145
0.9160
0.9143
0.9170
0.0190
0.4540
0.4935
0.5038
0.5062
0.5087
0.5099
0.5096
0.5114
0.5118
0.5123
0.5104
0.5123
0.5111
0.5175
0.5126
0.5133
0.5131
0.5162
0.5160
0.5109
0.5079
0.5118
0.5140
0.5118
0.5136
0.5143
0.5121
0.5138
0.5131
0.5123
0.5118
0.5131
0.5114
0.5111
0.5094
0.5089
0.5096
0.5126
0.5101
0.5116
0.5089
0.5021
0.5060
0.5133
0.5123
0.5087
0.5106
0.5138
0.5116
0.5148
0.5109
0.5106
0.5145
0.5126
0.5104
0.5148
0.5150
0.5136
0.5131
0.5128
0.5136
0.5158
0.5126
0.5148
0.5101
0.5158
0.5150
0.5128
0.5128
0.5116
0.5131
0.5133
0.5133
0.5126
0.5140
0.5148
0.5114
0.0220
0.0217
0.0210
0.0249
0.0249
0.0249
0.0198
0.0234
0.0225
0.9172
0.9131
0.9175
0.9165
0.0190
0.4225
0.4799
0.5018
0.5062
0.5072
0.5074
0.5099
0.5131
0.5092
0.5116
0.5079
0.5111
0.5089
0.5106
0.5114
0.5131
0.5133
0.5094
0.5138
0.5123
0.5140
0.5140
0.5111
0.5126
0.5118
0.5109
0.5118
0.5118
0.5153
0.5148
0.5136
0.5123
0.5128
0.5121
0.5136
0.5150
0.5145
0.5138
0.5121
0.5138
0.5092
0.5143
0.5087
0.5116
0.5114
0.5123
0.5118
0.5131
0.5114
0.5133
0.5143
0.5136
0.5082
0.5153
0.5160
0.5126
0.5123
0.5138
0.5106
0.5121
0.5143
0.5131
0.5126
0.5140
0.5153
0.5111
0.5133
0.5140
0.5158
0.5140
0.5136
0.5133
0.5123
0.5128
0.5128
0.5101
0.5094
0.0210
0.0222
0.0230
0.0230
0.0234
0.0190
0.0220
0.0188
0.0154
0.9162
0.9145
0.9158
0.9150
0.0090
0.3900
0.4784
0.5011
0.5089
0.5101
0.5065
0.5106
0.5074
0.5087
0.5092
0.5123
0.5123
0.5099
0.5133
0.5109
0.5131
0.5101
0.5070
0.5082
0.5114
0.5099
0.5136
0.5158
0.5158
0.5136
0.5138
0.5153
0.5177
0.5150
0.5128
0.5089
0.5099
0.5143
0.5121
0.5131
0.5133
0.5158
0.5167
0.5170
0.5118
0.5145
0.5131
0.5123
0.5138
0.5121
0.5140
0.5160
0.5114
0.5089
0.5109
0.5043
0.5065
0.5077
0.5045
0.5131
0.5065
0.5099
0.5096
0.5089
0.5114
0.5140
0.5118
0.5082
0.5104
0.5118
0.5136
0.5074
0.5123
0.5082
0.5118
0.5116
0.5114
0.5092
0.5109
0.5106
0.5126
0.5123
0.0205
0.0190
0.0173
0.0203
0.0186
0.0195
0.0249
0.0249
0.0193
0.6650
0.9153
0.9162
0.9165
0.9048
0.2979
0.4706
0.4955
0.5099
0.5067
0.5131
0.5114
0.5101
0.5094
0.5192
0.5158
0.5160
0.5128
0.5153
0.5114
0.5145
0.5148
0.5121
0.5160
0.5160
0.5175
0.5182
0.5138
0.5111
0.5123
0.5162
0.5092
0.5158
0.5099
0.5104
0.5158
0.5165
0.5140
0.5140
0.5140
0.5172
0.5158
0.5143
0.5148
0.5165
0.5145
0.5121
0.5121
0.5206
0.5153
0.5145
0.5158
0.5145
0.5150
0.5118
0.5138
0.5136
0.5155
0.5177
0.5133
0.5126
0.5153
0.5148
0.5109
0.5099
0.5167
0.5148
0.5143
0.5145
0.5150
0.5111
0.5116
0.5131
0.5138
0.5165
0.5150
0.5158
0.5160
0.5116
0.5128
0.5170
0.5165
0.0291
0.0269
0.0247
0.0215
0.0205
0.0200
0.0237
0.0220
0.0242
0.0220
0.9136
0.9150
0.9150
0.9118
0.0242
0.4557
0.4918
0.5001
0.5092
0.5109
0.5118
0.5099
0.5162
0.5118
0.5101
0.5128
0.5116
0.5162
0.5167
0.5101
0.5155
0.5187
0.5187
0.5192
0.5165
0.5158
0.5160
0.5172
0.5118
0.5148
0.5172
0.5150
0.5150
0.5148
0.5160
0.5136
0.5158
0.5131
0.5184
0.5150
0.5197
0.5123
0.5145
0.5165
0.5148
0.5148
0.5145
0.5131
0.5126
0.5179
0.5148
0.5092
0.5133
0.5131
0.5131
0.5118
0.5175
0.5126
0.5177
0.5145
0.5126
0.5094
0.5114
0.5079
0.5106
0.5101
0.5121
0.5106
0.5158
0.5096
0.5148
0.5158
0.5143
0.5131
0.5160
0.5182
0.5158
0.5136
0.5170
0.5160
0.5109
0.5126
0.0188
0.0139
0.0234
0.0220
0.0220
0.0225
0.0188
0.0190
0.0183
0.9165
0.9150
0.9167
0.9167
0.0181
0.4325
0.4933
0.5079
0.5082
0.5136
0.5145
0.5160
0.5109
0.5165
0.5138
0.5187
0.5128
0.5158
0.5162
0.5079
0.5145
0.5153
0.5138
0.5118
0.5158
0.5126
0.5158
0.5162
0.5187
0.5133
0.5175
0.5148
0.5148
0.5148
0.5158
0.5172
0.5158
0.5136
0.5128
0.5187
0.5136
0.5131
0.5121
0.5148
0.5167
0.5150
0.5136
0.5177
0.5182
0.5118
0.5177
0.5133
0.5165
0.5177
0.5153
0.5158
0.5187
0.5143
0.5160
0.5116
0.5211
0.5140
0.5175
0.5199
0.5175
0.5138
0.5158
0.5199
0.5167
0.5133
0.5165
0.5158
0.5158
0.5160
0.5172
0.5165
0.5170
0.5179
0.5175
0.5140
0.5160
0.5187
0.0300
0.0242
0.0283
0.0298
0.0286
0.0234
0.0242
0.0244
0.0269
0.9153
0.9118
0.9145
0.9172
0.0088
0.3998
0.4889
0.4967
0.5079
0.5094
0.5136
0.5121
0.5089
0.5118
0.5099
0.5148
0.5160
0.5114
0.5111
0.5123
0.5121
0.5126
0.5096
0.5138
0.5111
0.5126
0.5158
0.5114
0.5111
0.5140
0.5128
0.5158
0.5155
0.5170
0.5118
0.5116
0.5138
0.5094
0.5118
0.5096
0.5155
0.5143
0.5143
0.5182
0.5136
0.5189
0.5136
0.5131
0.5111
0.5101
0.5104
0.5160
0.5158
0.5121
0.5143
0.5150
0.5109
0.5133
0.5121
0.5128
0.5145
0.5158
0.5158
0.5131
0.5172
0.5153
0.5150
0.5150
0.5109
0.5148
0.5092
0.5126
0.5133
0.5101
0.5114
0.5175
0.5133
0.5162
0.5082
0.5118
0.5106
0.5158
0.0256
0.0230
0.0205
0.0222
0.0171
0.0225
0.0215
0.0244
0.0259
0.9336
0.9170
0.9153
0.9155
0.9009
0.3248
0.4679
0.5013
0.5099
0.5067
0.5104
0.5106
0.5104
0.5106
0.5104
0.5084
0.5070
0.5084
0.5121
0.5092
0.5133
0.5106
0.5116
0.5128
0.5104
0.5136
0.5177
0.5148
0.5099
0.5126
0.5140
0.5089
0.5074
0.5114
0.5116
0.5089
0.5116
0.5158
0.5082
0.5089
0.5136
0.5074
0.5106
0.5087
0.5116
0.5118
0.5128
0.5211
0.5067
0.5126
0.5092
0.5094
0.5109
0.5126
0.5121
0.5121
0.5133
0.5116
0.5084
0.5118
0.5121
0.5106
0.5145
0.5104
0.5133
0.5111
0.5094
0.5067
0.5089
0.5094
0.5096
0.5133
0.5143
0.5131
0.5118
0.5114
0.5072
0.5089
0.5118
0.5133
0.5084
0.5160
0.0239
0.0225
0.0276
0.0181
0.0222
0.0227
0.0171
0.0203
0.0222
0.0210
0.9148
0.9165
0.9172
0.9162
0.0210
0.4535
0.4943
0.5057
0.5070
0.5111
0.5087
0.5057
0.5101
0.5104
0.5092
0.5121
0.5109
0.5099
0.5121
0.5114
0.5121
0.5067
0.5087
0.5104
0.5143
0.5116
0.5143
0.5150
0.5128
0.5104
0.5116
0.5123
0.5072
0.5131
0.5111
0.5106
0.5148
0.5118
0.5128
0.5128
0.5177
0.5106
0.5118
0.5148
0.5126
0.5136
0.5138
0.5145
0.5136
0.5111
0.5121
0.5140
0.5133
0.5158
0.5116
0.5143
0.5150
0.5128
0.5114
0.5123
0.5114
0.5118
0.5150
0.5126
0.5131
0.5118
0.5143
0.5111
0.5094
0.5138
0.5087
0.5131
0.5148
0.5111
0.5067
0.5116
0.5109
0.5092
0.5158
0.5099
0.5150
0.5128
0.0156
0.0181
0.0183
0.0208
0.0186
0.0181
0.0176
0.0181
0.0208
0.9150
0.9150
0.9194
0.9158
0.0147
0.4339
0.4889
0.5045
0.5067
0.5094
0.5094
0.5084
0.5104
0.5082
0.5111
0.5096
0.5121
0.5143
0.5118
0.5121
0.5140
0.5092
0.5104
0.5131
0.5060
0.5131
0.5111
0.5106
0.5123
0.5109
0.5087
0.5114
0.5065
0.5104
0.5114
0.5092
0.5128
0.5101
0.5121
0.5109
0.5145
0.5145
0.5143
0.5123
0.5128
0.5136
0.5158
0.5118
0.5096
0.5099
0.5138
0.5140
0.5094
0.5167
0.5123
0.5121
0.5145
0.5131
0.5121
0.5136
0.5138
0.5106
0.5109
0.5128
0.5114
0.5128
0.5145
0.5121
0.5114
0.5133
0.5104
0.5133
0.5148
0.5101
0.5096
0.5138
0.5121
0.5106
0.5092
0.5118
0.5145
0.5104
0.0212
0.0186
0.0220
0.0205
0.0176
0.0225
0.0210
0.0210
0.0215
0.9167
0.9175
0.9160
0.9165
0.0171
0.4083
0.4835
0.5033
0.5050
0.5072
0.5096
0.5111
0.5092
0.5109
0.5101
0.5118
0.5111
0.5111
0.5111
0.5111
0.5077
0.5118
0.5126
0.5101
0.5126
0.5104
0.5116
0.5114
0.5121
0.5153
0.5089
0.5101
0.5118
0.5123
0.5082
0.5138
0.5114
0.5116
0.5104
0.5138
0.5082
0.5109
0.5118
0.5121
0.5048
0.5096
0.5128
0.5104
0.5123
0.5165
0.5096
0.5128
0.5096
0.5179
0.5116
0.5087
0.5109
0.5136
0.5092
0.5138
0.5145
0.5092
0.5094
0.5070
0.5121
0.5099
0.5106
0.5106
0.5104
0.5114
0.5128
0.5096
0.5040
0.5106
0.5136
0.5111
0.5096
0.5121
0.5126
0.5092
0.5145
0.5087
0.0186
0.0151
0.0195
0.0149
0.0210
0.0200
0.0156
0.0181
0.0166
0.9175
0.9162
0.9167
0.9175
0.8791
0.3346
0.4730
0.4935
0.5048
0.5040
0.5096
0.5128
0.5145
0.5079
0.5067
0.5094
0.5111
0.5079
0.5094
0.5089
0.5060
0.5104
0.5079
0.5096
0.5062
0.5079
0.5072
0.5092
0.5070
0.5050
0.5118
0.5099
0.5116
0.5079
0.5057
0.5065
0.5106
0.5118
0.5111
0.5096
0.5111
0.5111
0.5111
0.5101
0.5070
0.5128
0.5131
0.5099
0.5123
0.5082
0.5079
0.5123
0.5057
0.5121
0.5082
0.5104
0.5109
0.5062
0.5092
0.5106
0.5074
0.5074
0.5099
0.5072
0.5082
0.5128
0.5128
0.5092
0.5106
0.5079
0.5072
0.5111
0.5096
0.5079
0.5123
0.5121
0.5089
0.5084
0.5087
0.5072
0.5084
0.5121
0.0215
0.0142
0.0137
0.0183
0.0147
0.0142
0.0198
0.0161
0.0195
0.0000
0.9192
0.9192
0.9184
0.9104
0.0156
0.4567
0.4911
0.4996
0.5074
0.5050
0.5060
0.5038
0.5101
0.5099
0.5126
0.5140
0.5131
0.5133
0.5121
0.5148
0.5143
0.5094
0.5136
0.5158
0.5138
0.5087
0.5126
0.5123
0.5143
0.5118
0.5101
0.5087
0.5114
0.5094
0.5111
0.5074
0.5111
0.5082
0.5123
0.5101
0.5087
0.5118
0.5077
0.5114
0.5118
0.5096
0.5089
0.5072
0.5026
0.5082
0.5035
0.5084
0.5109
0.5084
0.5089
0.5109
0.5096
0.5131
0.5065
0.5114
0.5062
0.5101
0.5114
0.5133
0.5133
0.5150
0.5121
0.5136
0.5177
0.5199
0.5162
0.5177
0.5126
0.5138
0.5104
0.5145
0.5116
0.5118
0.5172
0.5179
0.5187
0.0342
0.0317
0.0347
0.0374
0.0405
0.0354
0.0295
0.0288
0.0283
0.0274
0.9145
0.9165
0.9179
0.9165
0.0166
0.4508
0.4947
0.5026
0.5089
0.5111
0.5148
0.5126
0.5118
0.5172
0.5143
0.5116
0.5172
0.5128
0.5136
0.5150
0.5170
0.5087
0.5123
0.5145
0.5158
0.5158
0.5128
0.5158
0.5209
0.5155
0.5136
0.5197
0.5238
0.5138
0.5175
0.5175
0.5179
0.5111
0.5136
0.5131
0.5099
0.5123
0.5148
0.5160
0.5116
0.5101
0.5158
0.5099
0.5128
0.5092
0.5099
0.5128
0.5160
0.5126
0.5148
0.5121
0.5128
0.5177
0.5177
0.5223
0.5284
0.5189
0.5133
0.5143
0.5155
0.5145
0.5158
0.5172
0.5136
0.5204
0.5201
0.5243
0.5197
0.5197
0.5197
0.5170
0.5150
0.5158
0.5143
0.5165
0.5138
0.5138
0.0234
0.0217
0.0269
0.0193
0.0203
0.0203
0.0220
0.0247
0.0300
0.9143
0.9172
0.9150
0.9148
0.0122
0.4173
0.4816
0.4965
0.5028
0.5045
0.5072
0.5079
0.5067
0.5067
0.5104
0.5082
0.5092
0.5123
0.5172
0.5128
0.5138
0.5160
0.5140
0.5121
0.5126
0.5172
0.5177
0.5179
0.5165
0.5140
0.5118
0.5189
0.5221
0.5219
0.5187
0.5211
0.5223
0.5228
0.5209
0.5258
0.5206
0.5236
0.5216
0.5150
0.5089
0.5131
0.5145
0.5118
0.5170
0.5172
0.5118
0.5131
0.5089
0.5104
0.5138
0.5143
0.5145
0.5114
0.5096
0.5118
0.5096
0.5118
0.5084
0.5101
0.5128
0.5123
0.5184
0.5189
0.5238
0.5236
0.5228
0.5241
0.5267
0.5211
0.5221
0.5204
0.5194
0.5250
0.5243
0.5221
0.5236
0.5221
0.0352
0.0234
0.0225
0.0181
0.0288
0.0330
0.0369
0.0344
0.0325
0.9153
0.9162
0.9189
0.9165
0.0127
0.3900
0.4803
0.5001
0.5084
0.5106
0.5104
0.5118
0.5175
0.5128
0.5170
0.5175
0.5172
0.5126
0.5187
0.5204
0.5233
0.5197
0.5241
0.5209
0.5199
0.5248
0.5248
0.5267
0.5292
0.5299
0.5284
0.5280
0.5175
0.5182
0.5228
0.5199
0.5199
0.5211
0.5219
0.5228
0.5258
0.5236
0.5238
0.5272
0.5248
0.5206
0.5209
0.5265
0.5297
0.5287
0.5294
0.5289
0.5265
0.5328
0.5348
0.5365
0.5353
0.5353
0.5375
0.5370
0.5314
0.5326
0.5336
0.5355
0.5341
0.5328
0.5372
0.5389
0.5392
0.5416
0.5458
0.5394
0.5348
0.5360
0.5333
0.5331
0.5343
0.5275
0.5328
0.5314
0.5297
0.5302
0.0618
0.0540
0.0515
0.0527
0.0584
0.0530
0.0574
0.0559
0.0557
0.0000
0.9136
0.9138
0.9182
0.9055
0.3038
0.4733
0.4962
0.5040
0.5121
0.5116
0.5140
0.5167
0.5189
0.5162
0.5260
0.5304
0.5289
0.5265
0.5314
0.5270
0.5284
0.5260
0.5277
0.5241
0.5265
0.5228
0.5263
0.5265
0.5206
0.5258
0.5260
0.5258
0.5284
0.5245
0.5297
0.5277
0.5297
0.5284
0.5255
0.5277
0.5216
0.5206
0.5250
0.5255
0.5197
0.5245
0.5277
0.5250
0.5258
0.5265
0.5250
0.5277
0.5282
0.5233
0.5231
0.5228
0.5248
0.5204
0.5226
0.5277
0.5094
0.5096
0.5111
0.5109
0.5089
0.5087
0.5055
0.5065
0.5050
0.5067
0.5057
0.4967
0.5089
0.5060
0.5060
0.5048
0.5040
0.5050
0.5060
0.5040
0.5070
0.0049
0.0078
0.0088
0.0032
0.0032
0.0029
0.0024
0.0032
0.0061
0.0034
0.9250
0.9241
0.9255
0.9170
0.0017
0.4413
0.4808
0.4943
0.5009
0.5031
0.5038
0.5001
0.5038
0.5011
0.5013
0.5004
0.5009
0.5050
0.5031
0.5013
0.5013
0.5021
0.5016
0.5050
0.5038
0.5026
0.5031
0.5023
0.5013
0.4969
0.5023
0.5021
0.4996
0.5006
0.5004
0.5026
0.5001
0.5011
0.5021
0.5028
0.4977
0.4994
0.5021
0.5021
0.5033
0.5050
0.5013
0.5035
0.5038
0.5035
0.5023
0.5031
0.5040
0.4979
0.4977
0.5011
0.5016
0.5026
0.5026
0.5011
0.5043
0.5004
0.5026
0.4991
0.5043
0.5016
0.5018
0.5043
0.5038
0.5016
0.5055
0.5033
0.5004
0.5040
0.5018
0.5018
0.5055
0.4974
0.5028
0.5021
0.5011
0.5033
0.0054
0.0010
0.0020
0.0020
0.0051
0.0015
0.0046
0.0024
0.0059
0.9248
0.9260
0.9263
0.9248
0.0032
0.4183
0.4767
0.4894
0.4952
0.4994
0.4996
0.5021
0.5031
0.5004
0.4989
0.5013
0.5031
0.5053
0.5028
0.5028
0.5038
0.5021
0.5023
0.5035
0.5018
0.5006
0.5016
0.5004
0.5009
0.5050
0.5035
0.5053
0.4994
0.5045
0.5040
0.5018
0.5026
0.5048
0.5021
0.5038
0.5045
0.5035
0.5011
0.5023
0.4984
0.5013
0.5040
0.5031
0.5021
0.5031
0.5011
0.5006
0.5018
0.5060
0.5045
0.5018
0.5028
0.5087
0.4996
0.5011
0.5055
0.5053
0.5035
0.5040
0.4996
0.5035
0.5018
0.5033
0.4991
0.5013
0.4991
0.5006
0.5028
0.4972
0.4965
0.5004
0.5006
0.5084
0.5013
0.4996
0.5045
0.5040
0.0022
0.0027
0.0063
0.0063
0.0051
0.0049
0.0063
0.0034
0.0000
0.9248
0.9250
0.9243
0.9241
0.0046
0.3871
0.4737
0.4901
0.4984
0.4967
0.4996
0.5038
0.4991
0.5016
0.4989
0.5021
0.5009
0.5006
0.4979
0.5006
0.5006
0.4979
0.5009
0.5016
0.4991
0.5031
0.5026
0.5062
0.5004
0.4994
0.5018
0.5013
0.5006
0.5011
0.5021
0.4960
0.5021
0.5001
0.5004
0.5021
0.5031
0.5043
0.5021
0.5011
0.5023
0.5013
0.5021
0.4991
0.5006
0.5016
0.4989
0.5009
0.5035
0.5013
0.5013
0.4996
0.4996
0.5026
0.5040
0.5023
0.5026
0.5009
0.5021
0.4955
0.5001
0.5033
0.5001
0.5004
0.5021
0.5021
0.5048
0.5035
0.5006
0.5021
0.5021
0.5040
0.5089
0.4984
0.5035
0.5018
0.5045
0.5031
0.0010
0.0017
0.0049
0.0020
0.0059
0.0017
0.0149
0.0024
0.0020
0.9429
0.9260
0.9221
0.9253
0.9077
0.3072
0.4632
0.4840
0.4928
0.4979
0.5021
0.4952
0.4984
0.5013
0.5011
0.5045
0.5018
0.5028
0.5060
0.5021
0.5016
0.5011
0.5016
0.4969
0.5040
0.5004
0.5004
0.5031
0.5011
0.5004
0.5028
0.5040
0.5023
0.4969
0.4972
0.5018
0.4994
0.5053
0.4984
0.5001
0.5048
0.5018
0.5011
0.4989
0.5077
0.5006
0.4996
0.5016
0.5040
0.4991
0.4984
0.5013
0.5023
0.5004
0.5013
0.5023
0.5026
0.5011
0.5013
0.5021
0.5028
0.5026
0.5038
0.4989
0.5053
0.5043
0.5023
0.5031
0.5038
0.5001
0.5004
0.4972
0.5026
0.5035
0.5033
0.5023
0.5004
0.4994
0.5011
0.5018
0.5013
0.4989
0.0056
0.0020
0.0042
0.0049
0.0032
0.0083
0.0049
0.0000
0.0051
0.0000
0.9253
0.9255
0.9270
0.9170
0.0059
0.4442
0.4818
0.4916
0.4991
0.5016
0.4984
0.4974
0.5021
0.5018
0.4989
0.5004
0.5009
0.5011
0.5045
0.5026
0.5026
0.4989
0.5006
0.5009
0.5016
0.5023
0.4974
0.5028
0.4989
0.4989
0.5033
0.4972
0.5013
0.5023
0.5028
0.5011
0.4977
0.4996
0.5040
0.5026
0.5031
0.5013
0.5050
0.5033
0.5001
0.4999
0.5033
0.5013
0.4994
0.5013
0.5031
0.5040
0.5043
0.5028
0.5023
0.4952
0.5009
0.5031
0.5038
0.5006
0.4982
0.5031
0.5013
0.5001
0.4996
0.5033
0.5043
0.5038
0.5018
0.5018
0.4967
0.5013
0.5035
0.5023
0.5004
0.5026
0.5031
0.5004
0.5016
0.5031
0.5028
0.5009
0.0000
0.0027
0.0012
0.0049
0.0005
0.0000
0.0000
0.0024
0.0063
0.9250
0.9265
0.9253
0.9243
0.0010
0.4225
0.4777
0.4921
0.4957
0.4982
0.4984
0.5001
0.4989
0.5065
0.5018
0.4991
0.4974
0.5018
0.5006
0.5028
0.4965
0.5016
0.4994
0.5031
0.5033
0.5013
0.5026
0.5016
0.5011
0.5011
0.5021
0.5031
0.5006
0.5006
0.5016
0.5079
0.4994
0.5013
0.5004
0.5016
0.5031
0.5048
0.5011
0.5006
0.5011
0.4987
0.5040
0.5033
0.5021
0.4991
0.5035
0.5050
0.5043
0.5018
0.4991
0.4962
0.5055
0.5023
0.5045
0.4984
0.5001
0.5004
0.4996
0.4984
0.5043
0.5023
0.5040
0.4994
0.5018
0.5004
0.5031
0.5013
0.5040
0.5011
0.5018
0.5006
0.5040
0.5028
0.5023
0.5026
0.5057
0.5018
0.0002
0.0022
0.0020
0.0071
0.0059
0.0049
0.0059
0.0059
0.0042
0.9267
0.9263
0.9255
0.9265
0.0010
0.3863
0.4716
0.4840
0.4943
0.5011
0.4984
0.5001
0.5023
0.4991
0.5021
0.5023
0.5006
0.4977
0.5043
0.5021
0.5038
0.5040
0.5023
0.5048
0.5021
0.5001
0.5016
0.5050
0.5016
0.4967
0.5013
0.5013
0.5048
0.5001
0.5021
0.5031
0.5040
0.5021
0.5013
0.4977
0.5026
0.5038
0.5053
0.5035
0.5006
0.5040
0.5009
0.5033
0.5033
0.4977
0.5057
0.5006
0.5050
0.5021
0.5050
0.5031
0.4974
0.5011
0.5016
0.4994
0.5031
0.5043
0.5045
0.5043
0.5026
0.5050
0.5033
0.5009
0.5016
0.5023
0.5006
0.5004
0.5004
0.5031
0.5011
0.4989
0.5023
0.5021
0.5011
0.5013
0.4991
0.5009
0.0024
0.0024
0.0029
0.0020
0.0039
0.0044
0.0042
0.0005
0.0059
0.9299
0.9267
0.9277
0.9250
0.9065
0.2938
0.4635
0.4860
0.4969
0.4977
0.5021
0.5045
0.4984
0.5021
0.5026
0.5033
0.5026
0.5043
0.5004
0.5023
0.5050
0.5040
0.4991
0.5033
0.4996
0.5038
0.5031
0.5011
0.4952
0.5009
0.4996
0.5009
0.5009
0.5040
0.4962
0.5026
0.5009
0.5043
0.5045
0.5043
0.5055
0.5026
0.5001
0.5006
0.5011
0.5028
0.5048
0.5028
0.5031
0.5001
0.5021
0.5038
0.4987
0.5033
0.5053
0.5001
0.5001
0.5023
0.5009
0.5004
0.5031
0.4977
0.5035
0.5067
0.5028
0.5023
0.5018
0.5004
0.5033
0.4987
0.4987
0.5040
0.5001
0.5035
0.5016
0.5013
0.5023
0.5031
0.4996
0.4979
0.5016
0.5031
0.0059
0.0005
0.0061
0.0020
0.0105
0.0051
0.0032
0.0010
0.0051
0.0010
0.9255
0.9263
0.9250
0.9145
0.0078
0.4442
0.4835
0.4911
0.4984
0.5011
0.5013
0.4984
0.5018
0.4962
0.5023
0.5018
0.5011
0.5033
0.5040
0.5043
0.4979
0.5021
0.5006
0.5026
0.5023
0.5055
0.5043
0.5018
0.4977
0.5021
0.5038
0.5004
0.4987
0.4982
0.5009
0.5023
0.4989
0.5004
0.4974
0.5031
0.5028
0.5011
0.5016
0.4991
0.4991
0.5001
0.5028
0.5028
0.4977
0.5021
0.5040
0.5060
0.5009
0.5021
0.5033
0.5018
0.5033
0.4943
0.4979
0.5028
0.5016
0.5006
0.5028
0.5011
0.5035
0.5026
0.5021
0.5016
0.4977
0.5018
0.4984
0.5021
0.5021
0.4984
0.5016
0.5013
0.5033
0.5021
0.4989
0.5028
0.5023
0.5031
0.0049
0.0063
0.0061
0.0063
0.0015
0.0020
0.0020
0.0012
0.0063
0.9241
0.9245
0.9253
0.9214
0.0010
0.4281
0.4823
0.4896
0.4982
0.4984
0.5021
0.4994
0.5018
0.5001
0.4972
0.5072
0.5006
0.5023
0.4962
0.5026
0.5023
0.5001
0.4989
0.5013
0.5050
0.5026
0.5035
0.5011
0.5001
0.5023
0.5001
0.5016
0.5013
0.5053
0.5023
0.5057
0.5023
0.5050
0.5038
0.5006
0.5033
0.5006
0.5031
0.5028
0.5006
0.4984
0.5021
0.5011
0.5021
0.5001
0.5045
0.4991
0.5033
0.5031
0.4967
0.5023
0.5016
0.5021
0.5004
0.5013
0.5013
0.4974
0.5021
0.5038
0.5013
0.5028
0.5009
0.4996
0.4982
0.5031
0.5033
0.5026
0.5023
0.4982
0.4984
0.5070
0.5026
0.5031
0.5033
0.5004
0.5023
0.5004
0.0007
0.0022
0.0017
0.0054
0.0005
0.0007
0.0024
0.0005
0.0056
0.9272
0.9267
0.9238
0.9253
0.0049
0.3939
0.4728
0.4918
0.4921
0.4982
0.4989
0.4984
0.5021
0.4979
0.5009
0.5021
0.4996
0.5023
0.5065
0.5031
0.5004
0.5053
0.5045
0.5023
0.5018
0.5028
0.4974
0.5050
0.5045
0.5013
0.5040
0.5023
0.5028
0.4982
0.4974
0.5001
0.5045
0.4979
0.5050
0.5045
0.4991
0.5016
0.5040
0.5035
0.5018
0.5031
0.5011
0.5053
0.4940
0.5023
0.5035
0.5011
0.5018
0.5031
0.5016
0.4982
0.5006
0.5018
0.5023
0.5004
0.5009
0.4984
0.5004
0.5001
0.5011
0.4994
0.5001
0.5011
0.5001
0.5033
0.5035
0.5031
0.5035
0.4989
0.5021
0.5004
0.5026
0.5026
0.5011
0.5031
0.4996
0.5016
0.0044
0.0056
0.0066
0.0054
0.0056
0.0046
0.0007
0.0054
0.0029
0.9233
0.9265
0.9258
0.9243
0.8864
0.3270
0.4657
0.4901
0.4930
0.4974
0.4950
0.5023
0.5016
0.5023
0.5031
0.4969
0.5021
0.5016
0.5021
0.5040
0.5040
0.5001
0.5021
0.5033
0.5050
0.5035
0.5028
0.5028
0.5026
0.5016
0.5026
0.5026
0.5040
0.5009
0.5033
0.5013
0.5011
0.5009
0.5057
0.5043
0.5013
0.5023
0.5028
0.5018
0.5040
0.5057
0.4979
0.5011
0.5033
0.5011
0.5040
0.5021
0.5001
0.4952
0.5040
0.5040
0.5031
0.5021
0.5023
0.4979
0.5021
0.5011
0.5018
0.5043
0.5026
0.5033
0.5013
0.5035
0.5001
0.5031
0.5018
0.5021
0.5031
0.4984
0.5031
0.4991
0.5009
0.5026
0.5028
0.5031
0.5067
0.5023
0.0054
0.0049
0.0024
0.0027
0.0010
0.0029
0.0042
0.0059
0.0020
0.0061
0.9299
0.9263
0.9241
0.9153
0.0042
0.4515
0.4838
0.4935
0.4960
0.4987
0.5035
0.5001
0.5006
0.5021
0.5013
0.5016
0.5021
0.5016
0.4989
0.5006
0.5001
0.5013
0.5023
0.5026
0.5033
0.5013
0.5004
0.4996
0.5031
0.4994
0.5001
0.4991
0.4991
0.5031
0.5021
0.4991
0.5004
0.5006
0.5033
0.5018
0.4987
0.4996
0.5016
0.5033
0.5009
0.5016
0.4974
0.5033
0.5004
0.5006
0.4969
0.4996
0.5033
0.5006
0.5013
0.5021
0.4996
0.5031
0.4974
0.5023
0.5021
0.5016
0.4969
0.5001
0.5050
0.5001
0.5053
0.5021
0.4974
0.5035
0.5026
0.5004
0.5023
0.5011
0.5026
0.4996
0.5016
0.5038
0.4965
0.5016
0.5023
0.4984
0.0012
0.0010
0.0054
0.0059
0.0020
0.0042
0.0063
0.0039
0.0029
0.9260
0.9253
0.9253
0.9228
0.0051
0.4354
0.4821
0.4943
0.4938
0.5021
0.5013
0.5013
0.5035
0.5028
0.5009
0.5021
0.5013
0.5006
0.5011
0.4977
0.4989
0.5009
0.5016
0.5009
0.5031
0.5006
0.5004
0.5011
0.4989
0.4994
0.5021
0.5031
0.5023
0.4994
0.5011
0.5021
0.5031
0.4982
0.5023
0.4984
0.5043
0.5040
0.5040
0.5004
0.5001
0.5009
0.5043
0.5011
0.5021
0.4989
0.5001
0.5011
0.5031
0.5006
0.5028
0.5023
0.4991
0.4991
0.5043
0.5013
0.5026
0.5009
0.5016
0.5040
0.5050
0.5006
0.5009
0.4989
0.5038
0.5040
0.5001
0.5028
0.4989
0.5045
0.5023
0.5021
0.5004
0.4994
0.5033
0.5023
0.5035
0.5001
0.0015
0.0000
0.0020
0.0022
0.0034
0.0020
0.0068
0.0037
0.0022
0.9263
0.9238
0.9263
0.9231
0.0042
0.4081
0.4755
0.4913
0.4969
0.4991
0.5001
0.5023
0.5013
0.5018
0.5018
0.5009
0.5033
0.5043
0.5016
0.5028
0.5038
0.4979
0.5011
0.5021
0.5021
0.5023
0.5028
0.5004
0.4994
0.4977
0.5001
0.5033
0.5004
0.5006
0.5031
0.5035
0.5023
0.5026
0.5033
0.4979
0.5062
0.5028
0.5018
0.5018
0.4984
0.5026
0.5023
0.5016
0.5009
0.5011
0.5009
0.5040
0.5021
0.5031
0.5040
0.5040
0.5031
0.5001
0.5023
0.5043
0.4969
0.5011
0.5055
0.5021
0.5045
0.5009
0.4996
0.5048
0.5021
0.4987
0.5057
0.5033
0.5026
0.5026
0.5048
0.5026
0.5021
0.5043
0.5035
0.4955
0.5028
0.5013
0.0059
0.0010
0.0046
0.0000
0.0054
0.0024
0.0015
0.0007
0.0012
0.9265
0.9260
0.9263
0.9263
0.4991
0.3436
0.4706
0.4869
0.4962
0.4974
0.5011
0.5001
0.5016
0.4989
0.5004
0.5013
0.5028
0.5038
0.4991
0.5013
0.4996
0.5001
0.5038
0.5023
0.5023
0.5009
0.5033
0.5035
0.4984
0.5026
0.5038
0.5023
0.5013
0.5001
0.5035
0.4994
0.5031
0.4989
0.5018
0.5009
0.5050
0.5021
0.5040
0.5013
0.5023
0.5013
0.5028
0.4969
0.5050
0.5023
0.5021
0.5009
0.5043
0.4974
0.5048
0.5021
0.5013
0.5045
0.5021
0.5004
0.5026
0.4960
0.5006
0.5013
0.5035
0.5053
0.5023
0.5018
0.5040
0.5023
0.5013
0.4984
0.5035
0.5011
0.5016
0.5048
0.5004
0.5026
0.4982
0.5023
0.5009
0.5013
0.0007
0.0066
0.0051
0.0054
0.0063
0.0066
0.0007
0.0002
0.0027
0.0000
0.9253
0.9263
0.9263
0.9131
0.2755
0.4549
0.4857
0.4930
0.4996
0.4994
0.5035
0.5026
0.5013
0.5023
0.5011
0.5033
0.4974
0.5031
0.5040
0.5013
0.5031
0.5040
0.5011
0.5021
0.5038
0.5026
0.5011
0.5013
0.5009
0.5026
0.5004
0.5026
0.5013
0.5035
0.5018
0.5089
0.4994
0.5079
0.5026
0.5021
0.5011
0.5045
0.5016
0.5028
0.5023
0.5004
0.4984
0.5026
0.5055
0.5021
0.5023
0.5040
0.5028
0.5018
0.5038
0.5028
0.5001
0.5033
0.5065
0.5004
0.5028
0.5001
0.5033
0.5038
0.5011
0.5001
0.4982
0.5006
0.5023
0.5001
0.5011
0.5009
0.4996
0.5018
0.5009
0.5001
0.5040
0.5011
0.5033
0.5013
0.5074
0.0085
0.0059
0.0002
0.0061
0.0049
0.0017
0.0061
0.0024
0.0039
0.0029
0.9270
0.9245
0.9263
0.9241
0.0095
0.4452
0.4842
0.4940
0.4972
0.4994
0.5013
0.4979
0.5035
0.4984
0.5009
0.5006
0.5028
0.5026
0.5013
0.5021
0.5023
0.5001
0.5013
0.5060
0.5028
0.5031
0.5018
0.5035
0.5033
0.5011
0.5018
0.5011
0.5021
0.4984
0.5023
0.5001
0.5023
0.5026
0.5016
0.5013
0.5021
0.5006
0.5013
0.5018
0.5001
0.5031
0.5004
0.5031
0.5035
0.5013
0.5021
0.5057
0.5011
0.5035
0.5021
0.4979
0.5009
0.5013
0.5016
0.5045
0.5028
0.5011
0.5011
0.4979
0.5031
0.5009
0.4987
0.5026
0.5084
0.5021
0.5016
0.4999
0.5001
0.5016
0.5038
0.5021
0.5033
0.5035
0.5026
0.5023
0.5021
0.4994
0.0024
0.0042
0.0010
0.0051
0.0046
0.0054
0.0051
0.0059
0.0010
0.9250
0.9265
0.9255
0.9226
0.0010
0.4164
0.4796
0.4884
0.4979
0.4967
0.4996
0.5021
0.4977
0.4972
0.5004
0.4996
0.5035
0.5001
0.5048
0.5028
0.5011
0.4982
0.5001
0.5074
0.5001
0.4991
0.5013
0.5040
0.5028
0.5040
0.5018
0.5028
0.5011
0.4996
0.5033
0.5040
0.5023
0.5033
0.5023
0.5057
0.5038
0.5031
0.5006
0.5016
0.5011
0.4994
0.5006
0.5023
0.5028
0.5011
0.5026
0.5026
0.5045
0.5009
0.4969
0.5021
0.5040
0.5011
0.5040
0.5013
0.5018
0.5016
0.5026
0.5006
0.5018
0.5033
0.5013
0.4994
0.5040
0.5013
0.5004
0.5011
0.5023
0.5048
0.4989
0.5026
0.5013
0.4984
0.5038
0.5011
0.5045
0.5021
0.0022
0.0020
0.0034
0.0054
0.0061
0.0012
0.0010
0.0063
0.0032
0.9255
0.9263
0.9255
0.9253
0.0056
0.3797
0.4711
0.4894
0.4918
0.4972
0.5009
0.5013
0.5040
0.5001
0.4994
0.5001
0.4996
0.5026
0.5033
0.5023
0.5011
0.4994
0.5013
0.5033
0.5021
0.5023
0.5040
0.4994
0.5009
0.5026
0.4979
0.5021
0.5035
0.5023
0.5028
0.5016
0.5018
0.4984
0.5035
0.5016
0.5021
0.5055
0.5031
0.5026
0.5009
0.5050
0.5040
0.5040
0.5126
0.5009
0.5031
0.5023
0.5031
0.5040
0.5043
0.5060
0.5023
0.5028
0.5031
0.5021
0.5067
0.5062
0.5011
0.5023
0.5033
0.5043
0.5004
0.5011
0.5021
0.4984
0.5033
0.5016
0.4991
0.5035
0.5028
0.5035
0.5001
0.5021
0.5001
0.4984
0.5031
0.5001
0.0024
0.0032
0.0061
0.0042
0.0017
0.0017
0.0049
0.0039
0.0061
0.0000
0.9245
0.9263
0.9238
0.9096
0.2867
0.4540
0.4884
0.4933
0.4955
0.4974
0.4969
0.5009
0.5009
0.4965
0.5011
0.5011
0.5021
0.5040
0.5033
0.5031
0.5011
0.4994
0.5021
0.5016
0.5011
0.5026
0.5018
0.5011
0.5001
0.5026
0.5021
0.5060
0.5018
0.4989
0.4972
0.5040
0.5026
0.5013
0.5055
0.5033
0.5013
0.5045
0.4969
0.5062
0.4996
0.5031
0.5021
0.5033
0.5067
0.5035
0.4989
0.5004
0.5050
0.5018
0.5057
0.5011
0.5062
0.5040
0.5021
0.5035
0.4991
0.5038
0.5035
0.5040
0.5033
0.5038
0.5038
0.5031
0.5031
0.5026
0.5031
0.5033
0.5035
0.5048
0.5040
0.5040
0.5057
0.5060
0.5077
0.5009
0.5048
0.0044
0.0081
0.0022
0.0020
0.0049
0.0068
0.0054
0.0029
0.0068
0.0103
0.9228
0.9250
0.9231
0.9194
0.0068
0.4430
0.4852
0.4947
0.5006
0.5001
0.4994
0.5038
0.5013
0.5043
0.5038
0.5021
0.5035
0.5048
0.5018
0.5004
0.5031
0.5006
0.5031
0.5040
0.5038
0.5053
0.4987
0.4996
0.5023
0.5084
0.5045
0.5035
0.5053
0.5026
0.5060
0.5038
0.5031
0.5050
0.5053
0.5043
0.5060
0.5016
0.5038
0.5033
0.4989
0.5001
0.5053
0.5006
0.5053
0.4999
0.5021
0.5038
0.5009
0.5006
0.5060
0.5040
0.4994
0.5004
0.5026
0.5016
0.5040
0.5021
0.5021
0.5011
0.5018
0.4989
0.5001
0.5021
0.5040
0.5040
0.5043
0.5021
0.5040
0.4967
0.5001
0.5021
0.5045
0.5048
0.5040
0.5045
0.5006
0.5055
0.0029
0.0039
0.0066
0.0063
0.0034
0.0066
0.0017
0.0022
0.0078
0.9231
0.9263
0.9238
0.9233
0.0081
0.4232
0.4801
0.4921
0.4935
0.4974
0.5057
0.5001
0.5016
0.5035
0.4991
0.4991
0.5004
0.5009
0.5038
0.5060
0.5023
0.5045
0.5053
0.5011
0.5021
0.5043
0.5004
0.4994
0.5023
0.5004
0.5001
0.5033
0.5018
0.5035
0.5026
0.5004
0.5001
0.5006
0.5028
0.5045
0.5023
0.5031
0.5050
0.4947
0.5013
0.5033
0.5026
0.4987
0.5033
0.5026
0.5028
0.5028
0.5033
0.5033
0.5053
0.5011
0.5038
0.5013
0.5033
0.5048
0.5031
0.5028
0.5018
0.5033
0.5018
0.5035
0.5021
0.5021
0.5023
0.5043
0.5004
0.5038
0.5001
0.5018
0.5021
0.5033
0.5023
0.5043
0.5006
0.5060
0.5040
0.5065
0.0022
0.0042
0.0024
0.0044
0.0073
0.0012
0.0034
0.0010
0.0017
0.9236
0.9253
0.9238
0.9238
0.0024
0.3819
0.4728
0.4908
0.4952
0.5011
0.5011
0.4994
0.5013
0.5006
0.5043
0.4982
0.5018
0.5004
0.5001
0.5033
0.5035
0.5009
0.5001
0.5016
0.5050
0.5082
0.5018
0.5016
0.5021
0.5021
0.5045
0.5028
0.5033
0.5023
0.5009
0.5001
0.5057
0.5031
0.5043
0.5050
0.5018
0.5018
0.5021
0.5026
0.5011
0.5040
0.5033
0.5031
0.5053
0.5055
0.5035
0.5026
0.5026
0.5004
0.5001
0.5045
0.5009
0.5028
0.5035
0.4999
0.5011
0.5043
0.5040
0.5013
0.5040
0.5016
0.5018
0.5001
0.5021
0.5023
0.4994
0.5035
0.5028
0.5001
0.4996
0.5018
0.4977
0.5045
0.5021
0.5045
0.5048
0.5023
0.0010
0.0005
0.0042
0.0010
0.0020
0.0027
0.0051
0.0061
0.0015
0.9480
0.9226
0.9238
0.9243
0.9070
0.2952
0.4625
0.4874
0.4940
0.4969
0.5021
0.5040
0.5018
0.5001
0.5035
0.4989
0.4979
0.5031
0.5023
0.5021
0.5040
0.4979
0.5038
0.5048
0.5050
0.5065
0.5023
0.5011
0.5079
0.5035
0.4991
0.5009
0.5035
0.4987
0.5040
0.4991
0.5018
0.5045
0.5021
0.5065
0.5026
0.5028
0.5045
0.5004
0.5040
0.5033
0.5031
0.5028
0.5040
0.5038
0.5023
0.5035
0.5050
0.5043
0.5040
0.5016
0.5026
0.5033
0.5045
0.5031
0.5033
0.5001
0.5035
0.5023
0.5031
0.5031
0.5028
0.5035
0.5033
0.5053
0.5035
0.5045
0.5009
0.5035
0.5035
0.4991
0.5045
0.5021
0.4974
0.5011
0.5026
0.5035
0.0081
0.0020
0.0078
0.0068
0.0059
0.0068
0.0029
0.0020
0.0093
0.0042
0.9245
0.9231
0.9243
0.9201
0.0020
0.4447
0.4755
0.4926
0.4974
0.4984
0.4974
0.4979
0.5053
0.5050
0.5031
0.5062
0.5045
0.5043
0.5028
0.4996
0.5028
0.5018
0.5001
0.5021
0.5055
0.5023
0.5043
0.5055
0.5053
0.5023
0.5035
0.5026
0.5062
0.5026
0.5031
0.5031
0.5011
0.4991
0.5050
0.4991
0.5048
0.5057
0.5021
0.5092
0.5070
0.5013
0.5016
0.5050
0.5021
0.5040
0.5040
0.5045
0.5001
0.5060
0.5067
0.5060
0.5013
0.5018
0.5033
0.5065
0.5082
0.5038
0.5043
0.5048
0.5053
0.5067
0.5079
0.5057
0.5055
0.5048
0.5079
0.5082
0.5038
0.5040
0.5045
0.5092
0.5079
0.5092
0.5048
0.5050
0.5060
0.5070
0.0110
0.0073
0.0125
0.0117
0.0090
0.0110
0.0132
0.0134
0.0120
0.9189
0.9192
0.9189
0.9204
0.0081
0.4283
0.4799
0.4984
0.4982
0.5031
0.5021
0.5043
0.5040
0.5055
0.5031
0.5072
0.5079
0.5070
0.5057
0.5043
0.5072
0.5070
0.5057
0.5067
0.5048
0.5072
0.5053
0.5045
0.5048
0.5057
0.5065
0.5043
0.5050
0.5104
0.5079
0.5053
0.5079
0.5077
0.5060
0.5038
0.5067
0.5033
0.5048
0.5074
0.5053
0.5067
0.5013
0.5050
0.5084
0.5070
0.5048
0.5065
0.5065
0.5067
0.5089
0.5067
0.5062
0.5094
0.5074
0.5023
0.5070
0.5082
0.5072
0.5070
0.5065
0.5028
0.5048
0.5031
0.5031
0.5074
0.5060
0.5055
0.5057
0.5053
0.5040
0.5062
0.5079
0.5065
0.5048
0.5070
0.5089
0.5045
0.0137
0.0112
0.0117
0.0085
0.0068
0.0093
0.0115
0.0122
0.0093
0.9204
0.9199
0.9194
0.9219
0.0105
0.3941
0.4730
0.4899
0.4991
0.5013
0.5023
0.5028
0.5038
0.5033
0.5077
0.5040
0.5053
0.5038
0.5050
0.5053
0.5045
0.5079
0.5013
0.5031
0.5077
0.5013
0.5053
0.5055
0.5070
0.5021
0.5043
0.5013
0.5043
0.5057
0.5077
0.5016
0.5055
0.5033
0.5043
0.5055
0.5033
0.5040
0.5050
0.5067
0.5062
0.5094
0.5060
0.5028
0.5057
0.5072
0.5062
0.5060
0.5048
0.5067
0.5040
0.5060
0.5023
0.5011
0.5040
0.5062
0.5067
0.5043
0.5092
0.5070
0.5062
0.5050
0.5070
0.5072
0.5043
0.5004
0.5092
0.5057
0.5072
0.5031
0.5050
0.5045
0.5050
0.5045
0.5055
0.4984
0.5053
0.5070
0.0095
0.0078
0.0059
0.0083
0.0081
0.0083
0.0098
0.0046
0.0095
0.9878
0.9228
0.9231
0.9209
0.9053
0.3133
0.4613
0.4901
0.4955
0.5016
0.5018
0.5001
0.5009
0.5043
0.5023
0.5040
0.5072
0.5011
0.5040
0.5060
0.5038
0.5033
0.5016
0.5035
0.5057
0.5021
0.5040
0.5033
0.5060
0.5050
0.5065
0.5016
0.5067
0.5092
0.5040
0.5040
0.5031
0.5038
0.4991
0.5060
0.5043
0.4989
0.5040
0.5082
0.5065
0.5011
0.5060
0.4979
0.5053
0.5089
0.5074
0.5070
0.5072
0.5045
0.5055
0.5035
0.5013
0.5043
0.5026
0.5062
0.5043
0.5072
0.5038
0.5040
0.5023
0.5055
0.5035
0.5070
0.5040
0.5006
0.5065
0.5040
0.5045
0.5048
0.5035
0.5033
0.5053
0.5050
0.5079
0.5070
0.5067
0.5043
0.0081
0.0088
0.0061
0.0098
0.0090
0.0059
0.0083
0.0046
0.0088
0.0095
0.9231
0.9223
0.9211
0.9192
0.0066
0.4479
0.4838
0.4930
0.4977
0.5018
0.5031
0.5028
0.5053
0.5045
0.5057
0.5040
0.5055
0.5070
0.5021
0.5043
0.4989
0.5035
0.5048
0.5021
0.5023
0.5045
0.5053
0.5057
0.5001
0.5028
0.5065
0.5013
0.5053
0.5043
0.5062
0.5062
0.5050
0.4994
0.5055
0.5070
0.5011
0.5043
0.5060
0.5040
0.5050
0.5033
0.5028
0.5079
0.5001
0.5050
0.5035
0.5055
0.5065
0.5053
0.5121
0.5050
0.5009
0.5062
0.5043
0.5067
0.5053
0.5040
0.5072
0.5045
0.5031
0.5060
0.5067
0.5053
0.5048
0.5060
0.5040
0.5055
0.5033
0.5055
0.5033
0.5050
0.5018
0.5038
0.5055
0.5053
0.5050
0.5021
0.0083
0.0054
0.0054
0.0088
0.0078
0.0071
0.0032
0.0039
0.0083
0.9216
0.9214
0.9209
0.9214
0.0083
0.4300
0.4833
0.4940
0.4962
0.4977
0.4994
0.5018
0.5018
0.5006
0.5043
0.5050
0.5065
0.4982
0.5016
0.5028
0.5043
0.5016
0.5040
0.5031
0.5033
0.5023
0.5067
0.5045
0.5062
0.5050
0.5035
0.5035
0.5026
0.5055
0.5045
0.5018
0.5045
0.5011
0.5048
0.5043
0.5072
0.5006
0.5055
0.5070
0.5031
0.4969
0.5021
0.5067
0.5040
0.5035
0.5028
0.5040
0.5050
0.5053
0.5033
0.5021
0.4984
0.5065
0.5055
0.5050
0.5057
0.5009
0.5062
0.5016
0.4994
0.5001
0.5062
0.5060
0.5062
0.5043
0.5050
0.5033
0.5055
0.5043
0.5011
0.5055
0.5028
0.5023
0.5072
0.5033
0.5028
0.5062
0.0071
0.0039
0.0051
0.0085
0.0093
0.0081
0.0034
0.0034
0.0049
0.9231
0.9231
0.9231
0.9216
0.0066
0.4032
0.4796
0.4918
0.4984
0.4984
0.5072
0.5006
0.5018
0.5035
0.5011
0.5048
0.5055
0.5045
0.5026
0.5062
0.5040
0.5043
0.5021
0.5053
0.5028
0.5009
0.5013
0.5057
0.5045
0.5045
0.5028
0.5011
0.5065
0.5045
0.5050
0.5062
0.5065
0.5040
0.5011
0.5043
0.5072
0.5011
0.5023
0.5033
0.5035
0.5043
0.5045
0.5043
0.5060
0.5067
0.5031
0.5055
0.5079
0.5016
0.5013
0.5043
0.5045
0.5065
0.5021
0.5043
0.5045
0.5048
0.5035
0.5067
0.5040
0.5055
0.5070
0.5038
0.5006
0.5077
0.5043
0.5043
0.5062
0.5087
0.5023
0.5026
0.5133
0.5028
0.5053
0.5062
0.4994
0.5031
0.0068
0.0059
0.0049
0.0098
0.0046
0.0078
0.0034
0.0081
0.0081
0.9184
0.9228
0.9204
0.9214
0.8860
0.3306
0.4657
0.4891
0.4965
0.5021
0.5001
0.5013
0.5033
0.5053
0.5035
0.4972
0.5013
0.5040
0.5018
0.5040
0.5055
0.5038
0.5018
0.5031
0.5033
0.5040
0.5040
0.5004
0.5043
0.5040
0.5048
0.5033
0.5026
0.5043
0.5023
0.5033
0.5031
0.5018
0.5028
0.5011
0.5033
0.5043
0.5070
0.5053
0.4996
0.5070
0.5048
0.5062
0.5001
0.5021
0.5048
0.5062
0.5040
0.5001
0.5040
0.5043
0.5035
0.5045
0.5062
0.4989
0.5031
0.5023
0.5067
0.5043
0.5053
0.5016
0.5033
0.5126
0.5079
0.5072
0.5057
0.5033
0.5023
0.5045
0.5048
0.5050
0.5050
0.5053
0.5050
0.5050
0.5043
0.5043
0.0083
0.0039
0.0073
0.0037
0.0039
0.0088
0.0090
0.0068
0.0073
0.0029
0.9223
0.9233
0.9231
0.9179
0.0027
0.4508
0.4869
0.4950
0.5023
0.4984
0.5026
0.5028
0.5050
0.5048
0.4969
0.5067
0.5031
0.5033
0.5040
0.5040
0.5062
0.5038
0.5013
0.5026
0.5033
0.5040
0.5031
0.5043
0.5060
0.5035
0.5021
0.5028
0.5023
0.5016
0.5084
0.5031
0.5011
0.5011
0.5031
0.5016
0.5050
0.5031
0.5011
0.5040
0.5035
0.5035
0.5033
0.5043
0.5065
0.4960
0.5055
0.5050
0.5033
0.5079
0.5028
0.5031
0.5060
0.5055
0.5013
0.5040
0.5060
0.5013
0.5009
0.5065
0.5035
0.5035
0.5035
0.5053
0.5031
0.5016
0.5060
0.4994
0.5038
0.5040
0.5048
0.5026
0.5060
0.5011
0.5043
0.5043
0.5031
0.5050
0.0090
0.0068
0.0039
0.0037
0.0081
0.0024
0.0078
0.0059
0.0083
0.9223
0.9228
0.9250
0.9214
0.0032
0.4388
0.4803
0.4940
0.4984
0.5006
0.5009
0.5018
0.4994
0.5050
0.5040
0.5018
0.5013
0.5077
0.5018
0.5055
0.5050
0.5033
0.5045
0.5055
0.5050
0.5072
0.5023
0.5035
0.5062
0.5018
0.5038
0.5060
0.5050
0.5026
0.5038
0.4994
0.5001
0.5067
0.5045
0.5065
0.5031
0.5043
0.5060
0.5021
0.5028
0.5048
0.5040
0.5043
0.5038
0.5043
0.5074
0.5065
0.5021
0.5021
0.5013
0.5026
0.5074
0.5033
0.5033
0.5057
0.5018
0.5026
0.5013
0.5072
0.4994
0.5053
0.5072
0.5028
0.5006
0.5057
0.5045
0.5053
0.5035
0.5026
0.4989
0.5060
0.5016
0.5045
0.5023
0.5035
0.5043
0.5043
0.0073
0.0063
0.0081
0.0039
0.0044
0.0063
0.0186
0.0046
0.0061
0.9243
0.9245
0.9243
0.9216
0.0032
0.4137
0.4781
0.4913
0.4987
0.4977
0.5018
0.5028
0.5035
0.5062
0.5023
0.5028
0.5045
0.5060
0.5016
0.5006
0.5026
0.5045
0.5055
0.5033
0.5021
0.5055
0.5033
0.5021
0.5079
0.5116
0.4977
0.5070
0.5009
0.5045
0.5016
0.4991
0.5026
0.5013
0.5040
0.5033
0.5040
0.5035
0.5092
0.5038
0.5040
0.5045
0.5035
0.5018
0.5026
0.5062
0.5040
0.5048
0.5009
0.5055
0.5013
0.5013
0.5043
0.5026
0.5050
0.5023
0.5040
0.5057
0.5070
0.5033
0.5053
0.5040
0.5060
0.5033
0.5040
0.5043
0.5074
0.5045
0.4987
0.5016
0.5043
0.5038
0.5018
0.5060
0.5062
0.5077
0.5028
0.5016
0.0076
0.0032
0.0051
0.0039
0.0022
0.0000
0.0083
0.0012
0.0039
0.9241
0.9233
0.9214
0.9236
0.0901
0.3509
0.4728
0.4886
0.4933
0.5021
0.5013
0.5018
0.5028
0.5035
0.5035
0.5013
0.5033
0.5018
0.5040
0.5050
0.5060
0.5026
0.5013
0.5033
0.5004
0.5040
0.5033
0.5043
0.5043
0.5057
0.5057
0.5053
0.5013
0.5033
0.5053
0.5084
0.5004
0.5023
0.5053
0.5009
0.5053
0.5055
0.5016
0.5026
0.5013
0.5009
0.5048
0.5004
0.5026
0.5053
0.5033
0.5053
0.5023
0.5035
0.5023
0.5028
0.5023
0.5033
0.5023
0.5035
0.5035
0.5035
0.5050
0.5111
0.5016
0.5033
0.5048
0.5004
0.5026
0.5045
0.5048
0.5033
0.4999
0.5050
0.5001
0.5006
0.5026
0.5050
0.5045
0.5006
0.5043
0.5009
0.0034
0.0085
0.0063
0.0068
0.0039
0.0081
0.0042
0.0039
0.0032
0.0000
0.9231
0.9233
0.9231
0.9145
0.0965
0.4574
0.4869
0.4977
0.5001
0.4901
0.5033
0.5018
0.5004
0.5055
0.4987
0.5033
0.5023
0.4989
0.5045
0.5045
0.5009
0.5013
0.5031
0.5053
0.5021
0.5031
0.4994
0.5011
0.5028
0.5048
0.4984
0.5018
0.5062
0.5028
0.4991
0.5065
0.5057
0.5038
0.5067
0.5040
0.5026
0.5048
0.5031
0.5035
0.5031
0.5016
0.5035
0.4991
0.5031
0.5035
0.5040
0.5018
0.5021
0.5009
0.5043
0.5089
0.5082
0.4996
0.5023
0.5028
0.5023
0.5011
0.5048
0.5023
0.5050
0.5035
0.5045
0.5001
0.5031
0.5038
0.5026
0.5023
0.5001
0.5033
0.5043
0.5050
0.5028
0.4947
0.5062
0.5062
0.5053
0.0095
0.0059
0.0051
0.0039
0.0042
0.0073
0.0056
0.0037
0.0100
0.0044
0.9221
0.9245
0.9233
0.9194
0.0083
0.4415
0.4823
0.4943
0.5004
0.5006
0.5011
0.4991
0.5035
0.5035
0.5033
0.5018
0.5026
0.5035
0.5048
0.5040
0.5023
0.5035
0.5074
0.5028
0.5053
0.5048
0.5060
0.5038
0.5043
0.5040
0.5028
0.5040
0.5023
0.5016
0.5053
0.5079
0.5016
0.5009
0.5074
0.5045
0.4987
0.5050
0.5035
0.5035
0.4991
0.5018
0.5050
0.5033
0.5035
0.5004
0.5045
0.5018
0.5026
0.5028
0.5035
0.5016
0.5016
0.4974
0.5043
0.5060
0.5023
0.5018
0.4987
0.5040
0.5043
0.5001
0.5013
0.5011
0.5040
0.5018
0.5026
0.5043
0.5033
0.5077
0.5011
0.5031
0.5023
0.5013
0.5060
0.5033
0.4991
0.5048
0.0066
0.0032
0.0078
0.0071
0.0051
0.0085
0.0078
0.0034
0.0049
0.9233
0.9219
0.9231
0.9223
0.0056
0.4129
0.4764
0.4950
0.4979
0.4882
0.5009
0.5009
0.5040
0.5050
0.4994
0.5040
0.4987
0.5011
0.5021
0.5013
0.5053
0.5013
0.5045
0.5033
0.5040
0.5011
0.5048
0.5040
0.5031
0.4987
0.5053
0.5043
0.5018
0.5040
0.4989
0.5016
0.5016
0.5035
0.5043
0.5004
0.5048
0.5013
0.5084
0.5048
0.5043
0.4989
0.5013
0.5023
0.5033
0.5021
0.5053
0.4984
0.5099
0.5067
0.5028
0.5031
0.5018
0.5016
0.5028
0.5045
0.5062
0.5062
0.4991
0.5067
0.5028
0.5048
0.5070
0.5023
0.5009
0.5021
0.5057
0.4987
0.5035
0.5045
0.5050
0.5060
0.5004
0.5009
0.5038
0.5031
0.4996
0.5057
0.0078
0.0059
0.0073
0.0029
0.0071
0.0059
0.0063
0.0073
0.0078
0.9216
0.9216
0.9226
0.9236
0.0723
0.3443
0.4708
0.4965
0.4972
0.5016
0.5040
0.5031
0.5038
0.5031
0.5016
0.5016
0.5043
0.5043
0.5021
0.4996
0.5035
0.5026
0.5033
0.5018
0.5001
0.5021
0.5021
0.5001
0.5040
0.5053
0.5033
0.5011
0.5062
0.5023
0.5006
0.5006
0.5031
0.5001
0.5031
0.5040
0.5033
0.5016
0.5021
0.5057
0.5043
0.5031
0.5026
0.5033
0.5023
0.5031
0.5023
0.5013
0.5033
0.4999
0.5033
0.5053
0.5023
0.5026
0.5026
0.5033
0.5001
0.5033
0.5070
0.5077
0.4989
0.5026
0.5028
0.5031
0.5026
0.5040
0.5033
0.5035
0.5023
0.5038
0.5053
0.5050
0.4991
0.5038
0.5026
0.5031
0.5033
0.5018
0.0039
0.0032
0.0046
0.0100
0.0051
0.0015
0.0032
0.0039
0.0068
0.0000
0.9238
0.9243
0.9231
0.9136
0.3131
0.4545
0.4882
0.4969
0.4987
0.5006
0.5011
0.5013
0.5013
0.5023
0.5031
0.5048
0.4977
0.5038
0.5055
0.5045
0.5067
0.5072
0.5028
0.5067
0.5053
0.5067
0.5048
0.5043
0.5033
0.5031
0.5040
0.5053
0.5021
0.5026
0.5045
0.5035
0.4987
0.5040
0.5045
0.5033
0.5033
0.5053
0.5050
0.5050
0.5028
0.5043
0.5070
0.5033
0.5043
0.5028
0.5031
0.5031
0.5023
0.5057
0.4972
0.5048
0.5035
0.5028
0.5050
0.5018
0.5023
0.5040
0.5079
0.5001
0.5053
0.5040
0.5045
0.5018
0.5026
0.5011
0.5028
0.5016
0.5028
0.5009
0.5070
0.5040
0.5028
0.5031
0.4994
0.5013
0.5074
0.0024
0.0022
0.0024
0.0044
0.0081
0.0044
0.0063
0.0085
0.0027
0.0007
0.9226
0.9241
0.9258
0.9209
0.0051
0.4425
0.4835
0.4955
0.5004
0.4967
0.5013
0.5021
0.5018
0.4982
0.5045
0.5028
0.5013
0.5023
0.5016
0.5021
0.4984
0.5001
0.5070
0.5082
0.5006
0.5023
0.5023
0.5033
0.5023
0.5043
0.4987
0.5035
0.5031
0.5009
0.4984
0.5033
0.5065
0.5035
0.5011
0.5013
0.5018
0.5021
0.5023
0.5023
0.4984
0.5028
0.5031
0.5033
0.5040
0.5040
0.4982
0.5026
0.5011
0.5009
0.5057
0.5023
0.5053
0.5062
0.5045
0.5026
0.5016
0.5062
0.5055
0.5026
0.4996
0.5023
0.5040
0.4994
0.5038
0.5062
0.5028
0.5013
0.4918
0.5035
0.5062
0.5053
0.4989
0.5031
0.5040
0.5040
0.5009
0.5021
0.0024
0.0068
0.0054
0.0020
0.0034
0.0063
0.0071
0.0071
0.0051
0.9228
0.9223
0.9250
0.9214
0.0073
0.4176
0.4747
0.4908
0.4935
0.4994
0.5006
0.5040
0.5001
0.5006
0.5057
0.5035
0.5043
0.5011
0.4979
0.5026
0.5053
0.5062
0.5045
0.5026
0.4989
0.5048
0.5043
0.5043
0.5057
0.5062
0.5038
0.4982
0.4996
0.5018
0.5006
0.5043
0.5053
0.5040
0.5050
0.5004
0.5040
0.5040
0.5050
0.5031
0.5006
0.5011
0.5016
0.5013
0.5016
0.4967
0.5057
0.5057
0.5028
0.5009
0.5028
0.5021
0.5004
0.4991
0.4974
0.5011
0.5016
0.5040
0.5009
0.5013
0.5028
0.5021
0.5013
0.5009
0.5045
0.4991
0.5033
0.5023
0.5026
0.5031
0.5060
0.5038
0.5021
0.5001
0.5023
0.5028
0.5050
0.5038
0.0024
0.0071
0.0034
0.0066
0.0098
0.0068
0.0027
0.0017
0.0071
0.9245
0.9231
0.9253
0.9238
0.0039
0.3770
0.4711
0.4906
0.4979
0.4972
0.4989
0.4984
0.5018
0.5009
0.5006
0.5040
0.5021
0.4974
0.5031
0.5050
0.5053
0.5011
0.5031
0.5021
0.5033
0.5048
0.5033
0.4987
0.5033
0.5050
0.5043
0.5053
0.5004
0.5062
0.5023
0.5053
0.5057
0.4984
0.5033
0.5001
0.4987
0.5026
0.5053
0.5011
0.5028
0.5028
0.5050
0.5035
0.5045
0.5053
0.5004
0.5043
0.5045
0.5001
0.5021
0.5035
0.5031
0.5065
0.5009
0.5028
0.5050
0.5035
0.5050
0.5026
0.5045
0.5057
0.5040
0.5031
0.4991
0.5035
0.5043
0.5013
0.5038
0.5055
0.5004
0.5072
0.5026
0.5040
0.5043
0.5038
0.5023
0.5013
0.0078
0.0034
0.0027
0.0061
0.0039
0.0059
0.0051
0.0066
0.0039
0.9270
0.9243
0.9245
0.9233
0.9016
0.3021
0.4623
0.4850
0.4945
0.4984
0.5031
0.5021
0.5033
0.5048
0.5026
0.5031
0.5038
0.5038
0.5045
0.5023
0.5028
0.5013
0.5013
0.5040
0.5045
0.5035
0.5021
0.4996
0.5040
0.5013
0.5028
0.5023
0.5031
0.5045
0.5035
0.5016
0.5045
0.5026
0.5016
0.5057
0.5001
0.5028
0.5043
0.5050
0.5055
0.5006
0.5018
0.5006
0.5031
0.5004
0.5031
0.5048
0.5053
0.5057
0.5021
0.4984
0.5031
0.5016
0.5021
0.5057
0.5011
0.5016
0.5048
0.5033
0.5018
0.5018
0.5028
0.5009
0.5043
0.5053
0.5060
0.5026
0.5050
0.5057
0.5040
0.5031
0.5031
0.5021
0.5065
0.5004
0.5016
0.5028
0.0015
0.0059
0.0024
0.0054
0.0054
0.0059
0.0032
0.0078
0.0042
0.0039
0.9243
0.9245
0.9253
0.9170
0.0027
0.4471
0.4869
0.4957
0.4945
0.5026
0.5026
0.5004
0.5045
0.5038
0.4991
0.5040
0.5009
0.5021
0.5004
0.5048
0.5006
0.5031
0.5031
0.5013
0.5021
0.5035
0.5021
0.5031
0.5011
0.5062
0.5072
0.5021
0.5038
0.5028
0.5031
0.5031
0.5031
0.5023
0.5006
0.5072
0.5057
0.5021
0.5048
0.5006
0.5018
0.5021
0.5028
0.5033
0.5038
0.5033
0.5040
0.5023
0.5035
0.5035
0.5072
0.5028
0.5048
0.5043
0.5070
0.5026
0.5018
0.5033
0.5067
0.5065
0.5045
0.5021
0.5031
0.5018
0.4989
0.5050
0.5035
0.5001
0.5028
0.5050
0.5026
0.5065
0.5023
0.5053
0.5023
0.5006
0.5050
0.5045
0.0063
0.0073
0.0010
0.0020
0.0054
0.0068
0.0056
0.0095
0.0044
0.9233
0.9223
0.9228
0.9197
0.0046
0.4303
0.4808
0.4928
0.4955
0.4987
0.5040
0.5001
0.4972
0.5028
0.5026
0.5021
0.5004
0.5055
0.5023
0.5021
0.5050
0.5033
0.5011
0.4996
0.5018
0.5043
0.5053
0.4972
0.5031
0.4994
0.5053
0.4989
0.5026
0.5018
0.4994
0.5013
0.5028
0.5038
0.5053
0.5001
0.5040
0.5028
0.5033
0.5033
0.5033
0.5011
0.5082
0.5033
0.5026
0.5043
0.5038
0.5043
0.5055
0.5035
0.5070
0.5023
0.5016
0.5033
0.5033
0.5016
0.5023
0.5021
0.5021
0.5011
0.5035
0.5026
0.5033
0.5053
0.5050
0.5013
0.5023
0.5050
0.5067
0.5070
0.5018
0.5031
0.5016
0.5035
0.5013
0.5065
0.4994
0.5021
0.0066
0.0032
0.0073
0.0020
0.0027
0.0081
0.0022
0.0024
0.0073
0.9241
0.9270
0.9241
0.9228
0.0039
0.4056
0.4747
0.4891
0.5018
0.5026
0.4977
0.5001
0.4967
0.5050
0.4991
0.5018
0.5045
0.5013
0.5045
0.4979
0.5018
0.4996
0.5062
0.5045
0.5028
0.5035
0.5028
0.5021
0.5026
0.5043
0.5070
0.5018
0.5048
0.5048
0.5031
0.5016
0.5006
0.5035
0.5021
0.5035
0.5021
0.5048
0.5028
0.5055
0.5040
0.4991
0.5016
0.5031
0.5072
0.5033
0.4987
0.5040
0.5033
0.5006
0.5043
0.5026
0.4991
0.5060
0.5016
0.5053
0.4962
0.5023
0.4994
0.5023
0.5040
0.5053
0.5040
0.4989
0.5031
0.5055
0.5018
0.5013
0.5033
0.5001
0.5018
0.5021
0.5023
0.5028
0.5053
0.5031
0.4994
0.5001
0.0066
0.0039
0.0078
0.0032
0.0046
0.0063
0.0078
0.0024
0.0017
0.9219
0.9241
0.9228
0.9243
0.8781
0.3407
0.4632
0.4899
0.4960
0.5011
0.5023
0.5048
0.4991
0.5004
0.5013
0.5038
0.5026
0.4989
0.5004
0.5011
0.5004
0.5050
0.5053
0.5045
0.4979
0.5062
0.5018
0.5028
0.5038
0.5050
0.5048
0.5026
0.4994
0.5004
0.5057
0.5045
0.5060
0.5043
0.5016
0.5023
0.5031
0.5043
0.5023
0.5033
0.5013
0.5023
0.5011
0.5026
0.5040
0.5035
0.4989
0.5040
0.5040
0.5055
0.5033
0.5021
0.5048
0.5011
0.5023
0.5040
0.5040
0.5062
0.5043
0.5053
0.5028
0.5023
0.4996
0.5021
0.5021
0.5048
0.5031
0.5050
0.5050
0.5011
0.5011
0.5033
0.4994
0.5033
0.5033
0.5033
0.5031
0.5033
0.0034
0.0066
0.0015
0.0056
0.0063
0.0044
0.0039
0.0054
0.0059
0.0000
0.9236
0.9238
0.9241
0.9175
0.0034
0.4530
0.4862
0.4935
0.5009
0.4987
0.4984
0.5067
0.5028
0.5053
0.5016
0.5009
0.5026
0.5004
0.5031
0.5006
0.5040
0.5004
0.5040
0.5004
0.5028
0.5087
0.5026
0.5033
0.5038
0.5033
0.5048
0.5026
0.5040
0.5004
0.5028
0.5035
0.5011
0.5011
0.5043
0.5031
0.5009
0.5026
0.5038
0.5048
0.5040
0.5023
0.4982
0.5031
0.5028
0.5001
0.5062
0.5031
0.5048
0.5043
0.5016
0.5023
0.5021
0.5023
0.5031
0.5040
0.5021
0.5013
0.5033
0.5048
0.5055
0.5040
0.5065
0.5038
0.5013
0.5023
0.5033
0.5033
0.5057
0.5016
0.5035
0.5035
0.5021
0.5048
0.5060
0.5028
0.5053
0.0054
0.0071
0.0081
0.0044
0.0000
0.0078
0.0073
0.0054
0.0083
0.0068
0.9241
0.9236
0.9248
0.9204
0.0054
0.4393
0.4830
0.4938
0.5001
0.4991
0.5004
0.5004
0.5079
0.5050
0.5028
0.5021
0.5026
0.5040
0.5040
0.5016
0.5065
0.5021
0.5006
0.4994
0.5060
0.5055
0.5018
0.5004
0.4989
0.5040
0.5011
0.5004
0.5013
0.5062
0.5048
0.5040
0.5033
0.5031
0.5038
0.5021
0.5028
0.5004
0.5040
0.5045
0.5060
0.5040
0.4982
0.5079
0.5033
0.5033
0.5018
0.5043
0.5031
0.5038
0.5013
0.5043
0.5033
0.5048
0.5053
0.5060
0.5013
0.5026
0.5043
0.5043
0.5004
0.5060
0.5018
0.5043
0.5057
0.5040
0.5031
0.5016
0.4991
0.5035
0.5033
0.5028
0.5001
0.5021
0.5006
0.5043
0.5038
0.5045
0.0007
0.0024
0.0066
0.0068
0.0059
0.0056
0.0071
0.0068
0.0032
0.9231
0.9219
0.9245
0.9219
0.0078
0.4203
0.4799
0.4918
0.4926
0.4982
0.4955
0.5004
0.5004
0.5031
0.5006
0.5023
0.5011
0.5033
0.5038
0.5018
0.4989
0.5045
0.5028
0.4984
0.5011
0.5018
0.5062
0.5009
0.5043
0.5038
0.5011
0.5028
0.5023
0.4982
0.5006
0.5013
0.5033
0.5031
0.5009
0.5050
0.5004
0.5050
0.5053
0.5021
0.5082
0.5028
0.4977
0.5028
0.5018
0.5045
0.5070
0.5038
0.5009
0.5055
0.5043
0.5009
0.5026
0.5028
0.4977
0.5040
0.5040
0.5021
0.5040
0.5045
0.5043
0.4996
0.5026
0.5035
0.5050
0.5016
0.5023
0.5021
0.5009
0.5033
0.5055
0.5053
0.4982
0.5045
0.5021
0.5028
0.5050
0.5045
0.0017
0.0112
0.0002
0.0081
0.0071
0.0042
0.0073
0.0059
0.0061
0.9233
0.9233
0.9233
0.9243
0.0078
0.3905
0.4723
0.4913
0.4977
0.5031
0.5009
0.5028
0.4962
0.5062
0.5048
0.5033
0.5057
0.5033
0.5026
0.5021
0.5023
0.4977
0.5006
0.4996
0.5028
0.5031
0.5048
0.4994
0.5035
0.5043
0.5048
0.5048
0.5060
0.5053
0.5023
0.5026
0.5018
0.5028
0.5053
0.5021
0.5004
0.5060
0.4957
0.5026
0.5016
0.5009
0.5043
0.5006
0.4996
0.5026
0.5040
0.5031
0.4989
0.5023
0.5057
0.5070
0.5043
0.5053
0.4982
0.4989
0.4982
0.5009
0.5060
0.5050
0.5038
0.5013
0.5028
0.5048
0.4994
0.5040
0.4982
0.5028
0.5031
0.5050
0.5040
0.5043
0.5045
0.5023
0.5035
0.5050
0.4994
0.5028
0.0059
0.0042
0.0054
0.0029
0.0015
0.0054
0.0059
0.0042
0.0068
0.8151
0.9231
0.9253
0.9228
0.9057
0.2943
0.4596
0.4882
0.4947
0.4969
0.5033
0.5013
0.5016
0.5040
0.5043
0.5018
0.5009
0.5040
0.5028
0.5062
0.5018
0.5018
0.5035
0.5031
0.5043
0.5035
0.4982
0.5050
0.5043
0.5028
0.5006
0.5050
0.5035
0.5040
0.5035
0.5040
0.5114
0.4996
0.4987
0.5001
0.5043
0.5038
0.5028
0.5043
0.4984
0.4987
0.5021
0.5072
0.5018
0.4969
0.5050
0.5045
0.5035
0.5023
0.5035
0.5016
0.5028
0.5040
0.5013
0.5035
0.5023
0.5040
0.5043
0.5033
0.5016
0.5001
0.5050
0.5026
0.5018
0.5021
0.5053
0.5040
0.5028
0.5033
0.4996
0.5050
0.5048
0.5043
0.5004
0.4996
0.5023
0.5050
0.0029
0.0049
0.0110
0.0034
0.0076
0.0078
0.0012
0.0010
0.0027
0.0044
0.9241
0.9223
0.9238
0.9209
0.0061
0.4449
0.4862
0.4930
0.4967
0.4974
0.5026
0.5023
0.5031
0.5065
0.5013
0.5045
0.5001
0.5023
0.5021
0.5096
0.4987
0.5009
0.5028
0.5006
0.5013
0.5053
0.5006
0.5006
0.5050
0.5043
0.5043
0.5033
0.5033
0.5006
0.5060
0.5031
0.5004
0.5040
0.5035
0.5018
0.5001
0.5040
0.5040
0.5023
0.5050
0.5038
0.5023
0.5043
0.4991
0.5057
0.5006
0.5021
0.4989
0.5043
0.5053
0.4987
0.5050
0.5023
0.5033
0.5035
0.5004
0.5033
0.5001
0.5050
0.5009
0.4969
0.5033
0.5062
0.5018
0.5043
0.5013
0.5050
0.5026
0.5038
0.5023
0.4994
0.5045
0.5060
0.4957
0.5026
0.5045
0.4989
0.0088
0.0056
0.0059
0.0054
0.0020
0.0073
0.0073
0.0063
0.0012
0.9231
0.9255
0.9214
0.9226
0.0015
0.4195
0.4786
0.4904
0.4952
0.4996
0.5023
0.4991
0.5009
0.4979
0.5057
0.5040
0.5035
0.4991
0.5031
0.4994
0.5033
0.4991
0.5094
0.4994
0.5006
0.5033
0.5043
0.5038
0.5018
0.5006
0.5057
0.5089
0.5070
0.5004
0.5053
0.5079
0.5045
0.5028
0.5009
0.5031
0.5055
0.5040
0.5043
0.5060
0.5001
0.5057
0.5070
0.5004
0.5021
0.5028
0.5065
0.5045
0.5016
0.5038
0.5031
0.5033
0.5009
0.5043
0.5011
0.5043
0.5033
0.4974
0.5050
0.5028
0.5021
0.4979
0.5013
0.5040
0.5021
0.5033
0.5048
0.4935
0.4991
0.5045
0.5057
0.4957
0.5001
0.5031
0.4999
0.5006
0.5028
0.5023
0.0032
0.0034
0.0029
0.0046
0.0049
0.0061
0.0027
0.0071
0.0032
0.9243
0.9241
0.9250
0.9241
0.0044
0.3866
0.4662
0.4896
0.4972
0.4977
0.5021
0.5023
0.5018
0.4991
0.5048
0.5021
0.4989
0.5009
0.5031
0.5021
0.5028
0.5033
0.5016
0.4996
0.5016
0.4994
0.5021
0.5009
0.5033
0.4991
0.4991
0.5016
0.5043
0.4994
0.5031
0.5028
0.5026
0.5001
0.5026
0.5048
0.5004
0.5006
0.5028
0.5018
0.5016
0.5023
0.5035
0.4972
0.5065
0.5033
0.5016
0.5033
0.5043
0.4969
0.5040
0.5079
0.5035
0.5011
0.5048
0.5013
0.5062
0.5028
0.5004
0.4984
0.5043
0.5026
0.5033
0.5026
0.5023
0.5031
0.5040
0.5006
0.5050
0.5060
0.5050
0.5023
0.4994
0.5023
0.5004
0.5043
0.5026
0.4994
0.0071
0.0068
0.0034
0.0051
0.0046
0.0039
0.0049
0.0020
0.0068
0.9436
0.9241
0.9228
0.9233
0.9138
0.2955
0.4630
0.4855
0.4974
0.5013
0.5016
0.5006
0.5013
0.4974
0.5026
0.5031
0.4996
0.5026
0.5053
0.5013
0.5023
0.4984
0.5040
0.5001
0.5040
0.5021
0.5033
0.5013
0.5023
0.5021
0.5040
0.5045
0.5023
0.5031
0.5053
0.5050
0.5023
0.5067
0.4979
0.5048
0.5043
0.5096
0.5053
0.5040
0.5038
0.5009
0.5057
0.5055
0.5009
0.5023
0.5018
0.5021
0.5035
0.5013
0.5023
0.5035
0.5023
0.5006
0.5048
0.5035
0.5040
0.5040
0.5053
0.5028
0.4994
0.5026
0.5013
0.5074
0.4984
0.5013
0.5045
0.5043
0.5050
0.5016
0.5045
0.5023
0.5028
0.5031
0.5055
0.5050
0.5040
0.5026
0.0081
0.0029
0.0034
0.0024
0.0034
0.0029
0.0020
0.0042
0.0078
0.0061
0.9221
0.9233
0.9231
0.9194
0.0081
0.4481
0.4847
0.4938
0.4989
0.5031
0.5060
0.5021
0.5040
0.4984
0.5040
0.5050
0.5033
0.5013
0.5035
0.5045
0.4996
0.5040
0.5009
0.5045
0.5055
0.5045
0.5013
0.5026
0.5040
0.5035
0.5028
0.5031
0.5028
0.5026
0.5050
0.5009
0.5060
0.5043
0.5013
0.5028
0.5043
0.5026
0.5031
0.4989
0.5028
0.5004
0.5040
0.5043
0.5031
0.5026
0.5035
0.5043
0.5009
0.5006
0.5023
0.5043
0.5023
0.5057
0.5038
0.5048
0.5035
0.5031
0.5065
0.4999
0.5035
0.4999
0.4989
0.5072
0.5040
0.5048
0.5053
0.5062
0.5074
0.5031
0.5021
0.5023
0.5028
0.4989
0.5023
0.5023