  0.2917
  0.2878
  0.2893
  0.2473
  0.2624
  0.2495
  0.2551
  0.2783
  0.2514
  0.2814
  0.2700
  0.2553
  0.2841
  0.2595
  0.2543
  0.2526
  0.2863
  0.2841
  0.2917
  0.2504
  0.2516
  0.2824
  0.2521
  0.2487
  0.2477
  0.2878
  0.2495
  0.2492
  0.2912
  0.2866
  0.2856
  0.2516
  0.2531
  0.2905
  0.2502
  0.2580
  0.2551
  0.2756
  0.2871
  0.2468
  0.2519
  0.2739
  0.2885
  0.2775
  0.2700
  0.2575
  0.2534
  0.2788
  0.2526
  0.2560
  0.2504
  0.2490
  0.2875
  0.2673
  0.2905
  0.2770
  0.2883
  0.2748
  0.2531
  0.2526
  0.2883
  0.2580
  0.2690
  0.2778
  0.2868
  0.2524
  0.2580
  0.2502
  0.2509
  0.2680
  0.2531
  0.2714
  0.2719
  0.2497
  0.2717
  0.2631
  0.2656
  0.2582
  0.2824
  0.2878
  0.2521
  0.2619
  0.2836
  0.2668
  0.2580
  0.2665
  0.2893
  0.2468
  0.2758
  0.2861
  0.2741
  0.2756
  0.2814
  0.2534
  0.2626
  0.2492
  0.2641
  0.2524
  0.2512
  0.2839
  0.2541
  0.2714
  0.2495
  0.2499
  0.2885
  0.2863
  0.2536
  0.2880
  0.2516
  0.2846
  0.2512
  0.2516
  0.2626
  0.2893
  0.2726
  0.2670
  0.2516
  0.2832
  0.2495
  0.2502
  0.2807
  0.2758
  0.2827
  0.2582
  0.2683
  0.2844
  0.2687
  0.2514
  0.2619
  0.2905
  0.2509
  0.2563
  0.2485
  0.2893
  0.2724
  0.2917
  0.2490
  0.2700
  0.2541
  0.2912
  0.2868
  0.2827
  0.2817
  0.2514
  0.2692
  0.2480
  0.2524
  0.2516
  0.2524
  0.2915
  0.2565
  0.2614
  0.2832
  0.2863
  0.2827
  0.2487
  0.2487
  0.2905
  0.2526
  0.2739
  0.2495
  0.2592
  0.2893
  0.2841
  0.2521
  0.2846
  0.2602
  0.2893
  0.2658
  0.2805
  0.2895
  0.2880
  0.2502
  0.2587
  0.2641
  0.2524
  0.2885
  0.2634
  0.2885
  0.2863
  0.2641
  0.2893
  0.2512
  0.2529
  0.2844
  0.2748
  0.2690
  0.2470
  0.2900
  0.2487
  0.2582
  0.2507
  0.2897
  0.2526
  0.2905
  0.2504
  0.2609
  0.2541
  0.2519
  0.2485
  0.2524
  0.2839
  0.2902
  0.2810
  0.2553
  0.2902
  0.2480
  0.2744
  0.2646
  0.2499
  0.2514
  0.2492
  0.2538
  0.2551
  0.2529
  0.2873
  0.2531
  0.2902
  0.2485
  0.2507
  0.2480
  0.2521
  0.2541
  0.2575
  0.2470
  0.2819
  0.2880
  0.2487
  0.2531
  0.2902
  0.2643
  0.2529
  0.2485
  0.2658
  0.2883
  0.2512
  0.2516
  0.2915
  0.2880
  0.2668
  0.2516
  0.2673
  0.2504
  0.2524
  0.2778
  0.2839
  0.2563
  0.2648
  0.2516
  0.2629
  0.2917
  0.2460
  0.2863
  0.2866
  0.2905
  0.2509
  0.2521
  0.2524
  0.2875
  0.2477
  0.2609
  0.2873
  0.2519
  0.2875
  0.2707
  0.2485
  0.2580
  0.2487
  0.2607
  0.2687
  0.2541
  0.2487
  0.2907
  0.2895
  0.2619
  0.2492
  0.2863
  0.2924
  0.2529
  0.2516
  0.2875
  0.2514
  0.2814
  0.2480
  0.2888
  0.2868
  0.2895
  0.2922
  0.2519
  0.2495
  0.2519
  0.2578
  0.2546
  0.2470
  0.2866
  0.2497
  0.2495
  0.2875
  0.2902
  0.2810
  0.2834
  0.2607
  0.2502
  0.2570
  0.2846
  0.2758
  0.2485
  0.2739
  0.2563
  0.2509
  0.2871
  0.2902
  0.2663
  0.2665
  0.2536
  0.2534
  0.2495
  0.2590
  0.2663
  0.2519
  0.2475
  0.2849
  0.2853
  0.2509
  0.2858
  0.2529
  0.2543
  0.2495
  0.2514
  0.2563
  0.2502
  0.2526
  0.2922
  0.2893
  0.2475
  0.2495
  0.2646
  0.2912
  0.2917
  0.2497
  0.2905
  0.2492
  0.2556
  0.2885
  0.2839
  0.2783
  0.2814
  0.2512
  0.2658
  0.2504
  0.2541
  0.2602
  0.2534
  0.2619
  0.2560
  0.2546
  0.2910
  0.2897
  0.2812
  0.2707
  0.2814
  0.2714
  0.2507
  0.2817
  0.2927
  0.2514
  0.2712
  0.2531
  0.2878
  0.2543
  0.2961
  0.2910
  0.2910
  0.2773
  0.2558
  0.2519
  0.2531
  0.2519
  0.2502
  0.2866
  0.2753
  0.2905
  0.2653
  0.2487
  0.2836
  0.2507
  0.2853
  0.2875
  0.2875
  0.2468
  0.2512
  0.2490
  0.2531
  0.2861
  0.2538
  0.2507
  0.2551
  0.2883
  0.2702
  0.2624
  0.2507
  0.2521
  0.2712
  0.2785
  0.2795
  0.2800
  0.2485
  0.2492
  0.2512
  0.2536
  0.2595
  0.2780
  0.2548
  0.2516
  0.2529
  0.2514
  0.2509
  0.2507
  0.2631
  0.2836
  0.2665
  0.2868
  0.2917
  0.2560
  0.2863
  0.2502
  0.2912
  0.2541
  0.2512
  0.2746
  0.2507
  0.2895
  0.2883
  0.2700
  0.2768
  0.2863
  0.2531
  0.2734
  0.2526
  0.2524
  0.2722
  0.2900
  0.2502
  0.2871
  0.2907
  0.2915
  0.2521
  0.2512
  0.2739
  0.2548
  0.2844
  0.2516
  0.2541
  0.2814
  0.2873
  0.2502
  0.2875
  0.2871
  0.2900
  0.2495
  0.2810
  0.2504
  0.2756
  0.2497
  0.2905
  0.2443
  0.2824
  0.2531
  0.2529
  0.2487
  0.2475
  0.2516
  0.2634
  0.2885
  0.2580
  0.2675
  0.2497
  0.2719
  0.2841
  0.2851
  0.2516
  0.2534
  0.2438
  0.2514
  0.2475
  0.2543
  0.2536
  0.2521
  0.2888
  0.2504
  0.2485
  0.2512
  0.2587
  0.2556
  0.2665
  0.2536
  0.2492
  0.2612
  0.2839
  0.2512
  0.2480
  0.2714
  0.2807
  0.2792
  0.2543
  0.2565
  0.2912
  0.2922
  0.2477
  0.2480
  0.2897
  0.2768
  0.2629
  0.2509
  0.2890
  0.2924
  0.2621
  0.2893
  0.2502
  0.2807
  0.2893
  0.2800
  0.2912
  0.2509
  0.2641
  0.2897
  0.2529
  0.2651
  0.2526
  0.2643
  0.2531
  0.2824
  0.2524
  0.2487
  0.2912
  0.2516
  0.2499
  0.2763
  0.2861
  0.2524
  0.2509
  0.2485
  0.2832
  0.2546
  0.2885
  0.2516
  0.2871
  0.2770
  0.2514
  0.2731
  0.2512
  0.2536
  0.2841
  0.2871
  0.2502
  0.2905
  0.2504
  0.2919
  0.2863
  0.2485
  0.2514
  0.2824
  0.2719
  0.2875
  0.2480
  0.2885
  0.2888
  0.2543
  0.2521
  0.2875
  0.2521
  0.2905
  0.2492
  0.2485
  0.2680
  0.2687
  0.2590
  0.2485
  0.2514
  0.2514
  0.2924
  0.2575
  0.2648
  0.2541
  0.2582
  0.2524
  0.2880
  0.2524
  0.2504
  0.2888
  0.2524
  0.2499
  0.2734
  0.2604
  0.2888
  0.2736
  0.2504
  0.2726
  0.2719
  0.2570
  0.2504
  0.2485
  0.2824
  0.2670
  0.2709
  0.2621
  0.2878
  0.2546
  0.2502
  0.2902
  0.2509
  0.2883
  0.2504
  0.2477
  0.2888
  0.2575
  0.2905
  0.2805
  0.2700
  0.2470
  0.2521
  0.2673
  0.2746
  0.2880
  0.2470
  0.2492
  0.2473
  0.2758
  0.2477
  0.2541
  0.2516
  0.2885
  0.2915
  0.2758
  0.2502
  0.2932
  0.2902
  0.2521
  0.2473
  0.2470
  0.2477
  0.2536
  0.2773
  0.2746
  0.2729
  0.2573
  0.2514
  0.2868
  0.2509
  0.2893
  0.2658
  0.2893
  0.2548
  0.2883
  0.2912
  0.2507
  0.2592
  0.2512
  0.2529
  0.2868
  0.2507
  0.2707
  0.2875
  0.2834
  0.2477
  0.2783
  0.2841
  0.2907
  0.2824
  0.2729
  0.2871
  0.2817
  0.2538
  0.2519
  0.2668
  0.2485
  0.2509
  0.2504
  0.2507
  0.2560
  0.2802
  0.2849
  0.2888
  0.2863
  0.2553
  0.2897
  0.2536
  0.2880
  0.2839
  0.2543
  0.2736
  0.2514
  0.2773
  0.2639
  0.2861
  0.2521
  0.2516
  0.2661
  0.2507
  0.2939
  0.2856
  0.2907
  0.2592
  0.2600
  0.2546
  0.2641
  0.2521
  0.2509
  0.2473
  0.2663
  0.2748
  0.2885
  0.2487
  0.2524
  0.2512
  0.2509
  0.2512
  0.2922
  0.2873
  0.2907
  0.2516
  0.2731
  0.2907
  0.2614
  0.2700
  0.2497
  0.2800
  0.2531
  0.2853
  0.2534
  0.2853
  0.2856
  0.2731
  0.2526
  0.2680
  0.2875
  0.2514
  0.2482
  0.2932
  0.2551
  0.2902
  0.2492
  0.2602
  0.2800
  0.2824
  0.2631
  0.2905
  0.2900
  0.2487
  0.2529
  0.2504
  0.2797
  0.2875
  0.2531
  0.2900
  0.2531
  0.2885
  0.2670
  0.2700
  0.2490
  0.2824
  0.2846
  0.2509
  0.2885
  0.2521
  0.2617
  0.2629
  0.2534
  0.2878
  0.2502
  0.2905
  0.2507
  0.2531
  0.2905
  0.2893
  0.2915
  0.2526
  0.2512
  0.2504
  0.2800
  0.2895
  0.2504
  0.2509
  0.2516
  0.2560
  0.2863
  0.2487
  0.2502
  0.2536
  0.2714
  0.2880
  0.2880
  0.2897
  0.2761
  0.2634
  0.2516
  0.2541
  0.2516
  0.2516
  0.2551
  0.2465
  0.2499
  0.2905
  0.2858
  0.2885
  0.2634
  0.2724
  0.2546
  0.2807
  0.2753
  0.2590
  0.2890
  0.2507
  0.2726
  0.2524
  0.2832
  0.2878
  0.2499
  0.2775
  0.2643
  0.2861
  0.2490
  0.2482
  0.2807
  0.2516
  0.2490
  0.2580
  0.2678
  0.2651
  0.2915
  0.2621
  0.2509
  0.2736
  0.2624
  0.2912
  0.2827
  0.2541
  0.2534
  0.2563
  0.2607
  0.2531
  0.2883
  0.2897
  0.2509
  0.2758
  0.2509
  0.2541
  0.2531
  0.2780
  0.2868
  0.2534
  0.2927
  0.2531
  0.2861
  0.2573
  0.2824
  0.2614
  0.2856
  0.2514
  0.2516
  0.2783
  0.2504
  0.2563
  0.2907
  0.2504
  0.2490
  0.2585
  0.2866
  0.2736
  0.2739
  0.2507
  0.2836
  0.2900
  0.2504
  0.2524
  0.2919
  0.2543
  0.2795
  0.2824
  0.2726
  0.2531
  0.2512
  0.2648
  0.2675
  0.2526
  0.2534
  0.2646
  0.2507
  0.2509
  0.2536
  0.2507
  0.2705
  0.2875
  0.2890
  0.2499
  0.2736
  0.2570
  0.2534
  0.2516
  0.2600
  0.2495
  0.2521
  0.2817
  0.2558
  0.2485
  0.2915
  0.2587
  0.2495
  0.2878
  0.2827
  0.2748
  0.2536
  0.2551
  0.2531
  0.2534
  0.2497
  0.2507
  0.2873
  0.2482
  0.2597
  0.2836
  0.2780
  0.2885
  0.2512
  0.2678
  0.2824
  0.2541
  0.2773
  0.2863
  0.2902
  0.2875
  0.2514
  0.2880
  0.2526
  0.2873
  0.2485
  0.2482
  0.2868
  0.2878
  0.2810
  0.2607
  0.2526
  0.2604
  0.2878
  0.2836
  0.2709
  0.2534
  0.2546
  0.2463
  0.2814
  0.2509
  0.2861
  0.2502
  0.2915
  0.2697
  0.2526
  0.2519
  0.2871
  0.2516
  0.2861
  0.2858
  0.2885
  0.2766
  0.2573
  0.2834
  0.2512
  0.2670
  0.2524
  0.2534
  0.2536
  0.2773
  0.2858
  0.2893
  0.2849
  0.2492
  0.2680
  0.2697
  0.2499
  0.2902
  0.2893
  0.2690
  0.2531
  0.2871
  0.2485
  0.2897
  0.2516
  0.2590
  0.2617
  0.2790
  0.2832
  0.2507
  0.2580
  0.2600
  0.2785
  0.2529
  0.2819
  0.2849
  0.2519
  0.2531
  0.2558
  0.2534
  0.2492
  0.2712
  0.2893
  0.2687
  0.2861
  0.2507
  0.2475
  0.2775
  0.2751
  0.2897
  0.2719
  0.2604
  0.2893
  0.2702
  0.2722
  0.2521
  0.2514
  0.2783
  0.2807
  0.2866
  0.2631
  0.2521
  0.2480
  0.2863
  0.2858
  0.2607
  0.2509
  0.2480
  0.2504
  0.2700
  0.2905
  0.2751
  0.2839
  0.2810
  0.2502
  0.2490
  0.2531
  0.2780
  0.2504
  0.2927
  0.2675
  0.2902
  0.2880
  0.2514
  0.2492
  0.2612
  0.2524
  0.2495
  0.2915
  0.2480
  0.2827
  0.2888
  0.2609
  0.2512
  0.2519
  0.2673
  0.2546
  0.2905
  0.2514
  0.2880
  0.2790
  0.2719
  0.2822
  0.2512
  0.2504
  0.2893
  0.2822
  0.2526
  0.2553
  0.2519
  0.2499
  0.2529
  0.2661
  0.2482
  0.2651
  0.2880
  0.2810
  0.2490
  0.2529
  0.2900
  0.2709
  0.2648
  0.2521
  0.2516
  0.2712
  0.2470
  0.2758
  0.2507
  0.2485
  0.2546
  0.2805
  0.2502
  0.2849
  0.2621
  0.2858
  0.2512
  0.2543
  0.2736
  0.2739
  0.2778
  0.2883
  0.2602
  0.2499
  0.2893
  0.2751
  0.2595
  0.2841
  0.2551
  0.2592
  0.2853
  0.2629
  0.2592
  0.2475
  0.2915
  0.2839
  0.2636
  0.2502
  0.2519
  0.2873
  0.2507
  0.2885
  0.2880
  0.2529
  0.2883
  0.2556
  0.2719
  0.2858
  0.2541
  0.2516
  0.2580
  0.2851
  0.2849
  0.2529
  0.2612
  0.2678
  0.2516
  0.2507
  0.2509
  0.2526
  0.2575
  0.2875
  0.2775
  0.2531
  0.2538
  0.2502
  0.2895
  0.2477
  0.2473
  0.2521
  0.2521
  0.2685
  0.2490
  0.2900
  0.2844
  0.2529
  0.2568
  0.2888
  0.2480
  0.2851
  0.2643
  0.2814
  0.2780
  0.2512
  0.2858
  0.2912
  0.2514
  0.2858
  0.2551
  0.2768
  0.2531
  0.2507
  0.2856
  0.2878
  0.2512
  0.2817
  0.2524
  0.2512
  0.2785
  0.2885
  0.2709
  0.2495
  0.2536
  0.2875
  0.2541
  0.2634
  0.2893
  0.2548
  0.2516
  0.2570
  0.2924
  0.2470
  0.2883
  0.2531
  0.2719
  0.2687
  0.2905
  0.2521
  0.2626
  0.2521
  0.2819
  0.2521
  0.2495
  0.2526
  0.2492
  0.2570
  0.2538
  0.2871
  0.2885
  0.2729
  0.2707
  0.2883
  0.2883
  0.2480
  0.2504
  0.2526
  0.2473
  0.2521
  0.2514
  0.2661
  0.2839
  0.2514
  0.2512
  0.2502
  0.2509
  0.2683
  0.2875
  0.2521
  0.2885
  0.2922
  0.2512
  0.2900
  0.2700
  0.2504
  0.2512
  0.2495
  0.2900
  0.2895
  0.2499
  0.2736
  0.2485
  0.2885
  0.2690
  0.2509
  0.2636
  0.2893
  0.2846
  0.2497
  0.2507
  0.2516
  0.2595
  0.2915
  0.2509
  0.2670
  0.2670
  0.2895
  0.2512
  0.2871
  0.2512
  0.2534
  0.2692
  0.2504
  0.2524
  0.2475
  0.2824
  0.2900
  0.2516
  0.2841
  0.2531
  0.2534
  0.2880
  0.2521
  0.2548
  0.2853
  0.2480
  0.2714
  0.2521
  0.2827
  0.2915
  0.2856
  0.2824
  0.2619
  0.2519
  0.2685
  0.2541
  0.2556
  0.2531
  0.2902
  0.2507
  0.2485
  0.2497
  0.2871
  0.2861
  0.2853
  0.2465
  0.2541
  0.2912
  0.2761
  0.2810
  0.2888
  0.2800
  0.2607
  0.2827
  0.2690
  0.2595
  0.2526
  0.2524
  0.2529
  0.2875
  0.2915
  0.2807
  0.2475
  0.2524
  0.2521
  0.2512
  0.2780
  0.2658
  0.2902
  0.2621
  0.2541
  0.2778
  0.2509
  0.2541
  0.2521
  0.2919
  0.2744
  0.2531
  0.2880
  0.2480
  0.2907
  0.2709
  0.2490
  0.2495
  0.2558
  0.2534
  0.2502
  0.2524
  0.2541
  0.2521
  0.2937
  0.2861
  0.2521
  0.2509
  0.2480
  0.2534
  0.2785
  0.2880
  0.2546
  0.2758
  0.2531
  0.2556
  0.2863
  0.2497
  0.2643
  0.2519
  0.2868
  0.2543
  0.2521
  0.2534
  0.2834
  0.2924
  0.2495
  0.2863
  0.2880
  0.2526
  0.2670
  0.2734
  0.2482
  0.2521
  0.2492
  0.2485
  0.2524
  0.2553
  0.2629
  0.2641
  0.2849
  0.2516
  0.2719
  0.2602
  0.2885
  0.2514
  0.2875
  0.2893
  0.2788
  0.2915
  0.2482
  0.2516
  0.2678
  0.2590
  0.2746
  0.2590
  0.2556
  0.2631
  0.2592
  0.2617
  0.2497
  0.2502
  0.2893
  0.2548
  0.2885
  0.2829
  0.2634
  0.2893
  0.2651
  0.2568
  0.2648
  0.2814
  0.2827
  0.2788
  0.2509
  0.2507
  0.2893
  0.2512
  0.2915
  0.2722
  0.2849
  0.2917
  0.2814
  0.2590
  0.2541
  0.2653
  0.2548
  0.2495
  0.2529
  0.2526
  0.2521
  0.2868
  0.2536
  0.2905
  0.2905
  0.2504
  0.2695
  0.2883
  0.2516
  0.2514
  0.2516
  0.2526
  0.2873
  0.2915
  0.2817
  0.2585
  0.2700
  0.2497
  0.2734
  0.2502
  0.2551
  0.2512
  0.2502
  0.2668
  0.2509
  0.2753
  0.2526
  0.2912
  0.2565
  0.2531
  0.2534
  0.2490
  0.2700
  0.2897
  0.2880
  0.2805
  0.2492
  0.2504
  0.2685
  0.2873
  0.2507
  0.2675
  0.2790
  0.2778
  0.2748
  0.2680
  0.2739
  0.2846
  0.2770
  0.2900
  0.2873
  0.2863
  0.2497
  0.2543
  0.2504
  0.2905
  0.2609
  0.2875
  0.2900
  0.2766
  0.2516
  0.2560
  0.2758
  0.2895
  0.2614
  0.2512
  0.2709
  0.2897
  0.2512
  0.2805
  0.2773
  0.2556
  0.2597
  0.2526
  0.2495
  0.2788
  0.2656
  0.2543
  0.2526
  0.2492
  0.2504
  0.2509
  0.2797
  0.2519
  0.2570
  0.2524
  0.2553
  0.2507
  0.2604
  0.2790
  0.2538
  0.2453
  0.2485
  0.2490
  0.2856
  0.2541
  0.2519
  0.2849
  0.2641
  0.2529
  0.2810
  0.2795
  0.2490
  0.2726
  0.2529
  0.2797
  0.2673
  0.2788
  0.2619
  0.2641
  0.2810
  0.2524
  0.2890
  0.2502
  0.2766
  0.2834
  0.2846
  0.2507
  0.2827
  0.2658
  0.2521
  0.2495
  0.2475
  0.2536
  0.2629
  0.2707
  0.2512
  0.2502
  0.2480
  0.2861
  0.2895
  0.2548
  0.2922
  0.2524
  0.2885
  0.2822
  0.2883
  0.2687
  0.2895
  0.2514
  0.2509
  0.2543
  0.2680
  0.2507
  0.2541
  0.2839
  0.2534
  0.2504
  0.2526
  0.2790
  0.2529
  0.2607
  0.2917
  0.2512
  0.2653
  0.2512
  0.2922
  0.2475
  0.2917
  0.2492
  0.2697
  0.2880
  0.2829
  0.2800
  0.2558
  0.2521
  0.2873
  0.2553
  0.2829
  0.2441
  0.2526
  0.2495
  0.2868
  0.2783
  0.2524
  0.2912
  0.2893
  0.2719
  0.2868
  0.2646
  0.2568
  0.2885
  0.2553
  0.2512
  0.2678
  0.2915
  0.2878
  0.2509
  0.2878
  0.2477
  0.2912
  0.2551
  0.2531
  0.2646
  0.2524
  0.2504
  0.2504
  0.2595
  0.2631
  0.2822
  0.2900
  0.2880
  0.2912
  0.2529
  0.2529
  0.2690
  0.2922
  0.2822
  0.2871
  0.2514
  0.2897
  0.2502
  0.2766
  0.2495
  0.2878
  0.2731
  0.2680
  0.2529
  0.2680
  0.2507
  0.2805
  0.2509
  0.2534
  0.2470
  0.2922
  0.2829
  0.2516
  0.2534
  0.2609
  0.2924
  0.2502
  0.2507
  0.2507
  0.2470
  0.2868
  0.2695
  0.2524
  0.2687
  0.2504
  0.2822
  0.2807
  0.2548
  0.2658
  0.2521
  0.2814
  0.2849
  0.2895
  0.2866
  0.2907
  0.2519
  0.2529
  0.2534
  0.2580
  0.2604
  0.2516
  0.2897
  0.2558
  0.2736
  0.2524
  0.2502
  0.2724
  0.2602
  0.2919
  0.2910
  0.2602
  0.2509
  0.2895
  0.2736
  0.2536
  0.2631
  0.2829
  0.2871
  0.2912
  0.2521
  0.2514
  0.2504
  0.2897
  0.2802
  0.2470
  0.2524
  0.2524
  0.2558
  0.2863
  0.2509
  0.2541
  0.2919
  0.2477
  0.2499
  0.2810
  0.2524
  0.2937
  0.2680
  0.2495
  0.2512
  0.2585
  0.2600
  0.2817
  0.2497
  0.2492
  0.2495
  0.2526
  0.2516
  0.2504
  0.2648
  0.2541
  0.2521
  0.2497
  0.2495
  0.2590
  0.2873
  0.2736
  0.2805
  0.2858
  0.2592
  0.2570
  0.2575
  0.2800
  0.2814
  0.2529
  0.2878
  0.2726
  0.2724
  0.2509
  0.2893
  0.2902
  0.2758
  0.2893
  0.2665
  0.2609
  0.2548
  0.2888
  0.2922
  0.2529
  0.2541
  0.2504
  0.2700
  0.2634
  0.2836
  0.2480
  0.2495
  0.2563
  0.2692
  0.2707
  0.2492
  0.2895
  0.2900
  0.2507
  0.2878
  0.2885
  0.2524
  0.2495
  0.2502
  0.2775
  0.2529
  0.2519
  0.2516
  0.2619
  0.2631
  0.2817
  0.2490
  0.2602
  0.2705
  0.2524
  0.2912
  0.2529
  0.2824
  0.2516
  0.2770
  0.2548
  0.2495
  0.2526
  0.2485
  0.2504
  0.2541
  0.2521
  0.2900
  0.2521
  0.2529
  0.2600
  0.2866
  0.2504
  0.2700
  0.2861
  0.2536
  0.2514
  0.2773
  0.2490
  0.2531
  0.2700
  0.2516
  0.2897
  0.2702
  0.2746
  0.2475
  0.2863
  0.2856
  0.2600
  0.2885
  0.2521
  0.2900
  0.2775
  0.2580
  0.2490
  0.2880
  0.2592
  0.2612
  0.2490
  0.2905
  0.2912
  0.2795
  0.2507
  0.2849
  0.2502
  0.2675
  0.2719
  0.2863
  0.2871
  0.2646
  0.2516
  0.2893
  0.2856
  0.2558
  0.2910
  0.2780
  0.2485
  0.2915
  0.2516
  0.2534
  0.2575
  0.2509
  0.2902
  0.2519
  0.2514
  0.2492
  0.2499
  0.2807
  0.2829
  0.2507
  0.2521
  0.2895
  0.2516
  0.2512
  0.2900
  0.2512
  0.2846
  0.2863
  0.2507
  0.2531
  0.2875
  0.2897
  0.2910
  0.2873
  0.2619
  0.2636
  0.2524
  0.2895
  0.2455
  0.2834
  0.2900
  0.2841
  0.2775
  0.2485
  0.2521
  0.2524
  0.2670
  0.2521
  0.2521
  0.2880
  0.2807
  0.2893
  0.2495
  0.2485
  0.2880
  0.2814
  0.2502
  0.2487
  0.2846
  0.2651
  0.2875
  0.2516
  0.2783
  0.2641
  0.2912
  0.2499
  0.2758
  0.2560
  0.2519
  0.2707
  0.2585
  0.2856
  0.2817
  0.2492
  0.2485
  0.2507
  0.2707
  0.2516
  0.2866
  0.2922
  0.2773
  0.2507
  0.2912
  0.2824
  0.2866
  0.2541
  0.2858
  0.2502
  0.2868
  0.2658
  0.2907
  0.2883
  0.2729
  0.2485
  0.2509
  0.2729
  0.2536
  0.2524
  0.2597
  0.2880
  0.2905
  0.2534
  0.2849
  0.2499
  0.2553
  0.2805
  0.2482
  0.2866
  0.2485
  0.2553
  0.2678
  0.2631
  0.2827
  0.2578
  0.2524
  0.2526
  0.2883
  0.2924
  0.2521
  0.2871
  0.2875
  0.2521
  0.2670
  0.2580
  0.2739
  0.2802
  0.2587
  0.2912
  0.2512
  0.2512
  0.2495
  0.2560
  0.2790
  0.2485
  0.2922
  0.2502
  0.2519
  0.2893
  0.2521
  0.2785
  0.2519
  0.2687
  0.2529
  0.2770
  0.2902
  0.2619
  0.2504
  0.2575
  0.2902
  0.2509
  0.2841
  0.2512
  0.2516
  0.2502
  0.2912
  0.2814
  0.2885
  0.2504
  0.2849
  0.2514
  0.2678
  0.2487
  0.2529
  0.2829
  0.2905
  0.2643
  0.2907
  0.2712
  0.2460
  0.2883
  0.2548
  0.2902
  0.2487
  0.2541
  0.2885
  0.2927
  0.2897
  0.2851
  0.2551
  0.2846
  0.2514
  0.2580
  0.2573
  0.2829
  0.2590
  0.2705
  0.2592
  0.2524
  0.2802
  0.2893
  0.2485
  0.2509
  0.2875
  0.2595
  0.2849
  0.2519
  0.2514
  0.2807
  0.2514
  0.2907
  0.2895
  0.2897
  0.2883
  0.2541
  0.2902
  0.2832
  0.2797
  0.2485
  0.2524
  0.2651
  0.2917
  0.2534
  0.2534
  0.2509
  0.2895
  0.2485
  0.2863
  0.2495
  0.2560
  0.2929
  0.2502
  0.2521
  0.2609
  0.2536
  0.2846
  0.2497
  0.2897
  0.2775
  0.2546
  0.2797
  0.2570
  0.2543
  0.2629
  0.2524
  0.2890
  0.2497
  0.2524
  0.2558
  0.2514
  0.2536
  0.2560
  0.2822
  0.2487
  0.2814
  0.2546
  0.2526
  0.2883
  0.2873
  0.2907
  0.2570
  0.2900
  0.2526
  0.2924
  0.2692
  0.2521
  0.2536
  0.2746
  0.2507
  0.2531
  0.2524
  0.2490
  0.2817
  0.2722
  0.2563
  0.2836
  0.2871
  0.2502
  0.2692
  0.2458
  0.2541
  0.2507
  0.2751
  0.2897
  0.2526
  0.2607
  0.2648
  0.2507
  0.2814
  0.2683
  0.2875
  0.2487
  0.2668
  0.2875
  0.2541
  0.2612
  0.2499
  0.2507
  0.2499
  0.2526
  0.2888
  0.2519
  0.2758
  0.2607
  0.2536
  0.2504
  0.2580
  0.2531
  0.2497
  0.2927
  0.2477
  0.2890
  0.2495
  0.2641
  0.2514
  0.2917
  0.2560
  0.2697
  0.2883
  0.2814
  0.2477
  0.2893
  0.2802
  0.2885
  0.2516
  0.2783
  0.2582
  0.2670
  0.2783
  0.2866
  0.2878
  0.2521
  0.2490
  0.2602
  0.2485
  0.2910
  0.2880
  0.2736
  0.2521
  0.2626
  0.2900
  0.2866
  0.2507
  0.2719
  0.2629
  0.2524
  0.2868
  0.2487
  0.2695
  0.2829
  0.2502
  0.2509
  0.2480
  0.2646
  0.2516
  0.2482
  0.2629
  0.2827
  0.2497
  0.2495
  0.2495
  0.2519
  0.2531
  0.2519
  0.2915
  0.2563
  0.2863
  0.2697
  0.2902
  0.2697
  0.2648
  0.2514
  0.2663
  0.2614
  0.2895
  0.2521
  0.2912
  0.2893
  0.2709
  0.2548
  0.2880
  0.2890
  0.2514
  0.2548
  0.2846
  0.2619
  0.2910
  0.2866
  0.2829
  0.2524
  0.2514
  0.2504
  0.2885
  0.2846
  0.2585
  0.2543
  0.2495
  0.2519
  0.2746
  0.2902
  0.2514
  0.2465
  0.2504
  0.2514
  0.2643
  0.2792
  0.2512
  0.2663
  0.2866
  0.2526
  0.2485
  0.2875
  0.2490
  0.2507
  0.2565
  0.2531
  0.2888
  0.2778
  0.2521
  0.2895
  0.2538
  0.2507
  0.2802
  0.2719
  0.2853
  0.2516
  0.2519
  0.2526
  0.2856
  0.2770
  0.2893
  0.2761
  0.2504
  0.2548
  0.2707
  0.2519
  0.2514
  0.2504
  0.2915
  0.2534
  0.2634
  0.2878
  0.2866
  0.2895
  0.2487
  0.2507
  0.2895
  0.2912
  0.2587
  0.2639
  0.2509
  0.2477
  0.2883
  0.2902
  0.2866
  0.2924
  0.2753
  0.2504
  0.2678
  0.2863
  0.2863
  0.2871
  0.2514
  0.2917
  0.2558
  0.2543
  0.2905
  0.2795
  0.2624
  0.2685
  0.2841
  0.2575
  0.2897
  0.2507
  0.2538
  0.2534
  0.2487
  0.2802
  0.2875
  0.2873
  0.2446
  0.2880
  0.2643
  0.2497
  0.2507
  0.2485
  0.2915
  0.2878
  0.2514
  0.2470
  0.2473
  0.2497
  0.2504
  0.2524
  0.2490
  0.2497
  0.2800
  0.2897
  0.2516
  0.2729
  0.2509
  0.2536
  0.2453
  0.2521
  0.2485
  0.2509
  0.2568
  0.2905
  0.2507
  0.2888
  0.2795
  0.2900
  0.2551
  0.2468
  0.2499
  0.2514
  0.2495
  0.2922
  0.2580
  0.2829
  0.2504
  0.2773
  0.2529
  0.2851
  0.2788
  0.2634
  0.2651
  0.2507
  0.2514
  0.2541
  0.2893
  0.2619
  0.2534
  0.2502
  0.2502
  0.2661
  0.2546
  0.2502
  0.2531
  0.2524
  0.2516
  0.2519
  0.2502
  0.2565
  0.2600
  0.2504
  0.2895
  0.2663
  0.2849
  0.2541
  0.2563
  0.2495
  0.2470
  0.2502
  0.2807
  0.2888
  0.2866
  0.2534
  0.2692
  0.2797
  0.2856
  0.2873
  0.2817
  0.2521
  0.2817
  0.2875
  0.2890
  0.2485
  0.2563
  0.2866
  0.2529
  0.2910
  0.2514
  0.2475
  0.2905
  0.2602
  0.2504
  0.2912
  0.2912
  0.2492
  0.2878
  0.2531
  0.2509
  0.2690
  0.2516
  0.2485
  0.2487
  0.2480
  0.2880
  0.2487
  0.2480
  0.2707
  0.2565
  0.2536
  0.2902
  0.2883
  0.2922
  0.2521
  0.2531
  0.2827
  0.2512
  0.2648
  0.2888
  0.2897
  0.2893
  0.2790
  0.2822
  0.2761
  0.2536
  0.2856
  0.2541
  0.2871
  0.2538
  0.2524
  0.2512
  0.2563
  0.2685
  0.2656
  0.2748
  0.2524
  0.2582
  0.2880
  0.2521
  0.2504
  0.2512
  0.2853
  0.2480
  0.2543
  0.2643
  0.2565
  0.2900
  0.2746
  0.2524
  0.2502
  0.2514
  0.2512
  0.2541
  0.2817
  0.2514
  0.2519
  0.2521
  0.2526
  0.2849
  0.2495
  0.2849
  0.2490
  0.2731
  0.2541
  0.2514
  0.2514
  0.2504
  0.2734
  0.2778
  0.2707
  0.2538
  0.2524
  0.2524
  0.2531
  0.2480
  0.2912
  0.2536
  0.2516
  0.2504
  0.2895
  0.2792
  0.2873
  0.2529
  0.2753
  0.2551
  0.2504
  0.2541
  0.2878
  0.2788
  0.2658
  0.2946
  0.2509
  0.2866
  0.2495
  0.2526
  0.2548
  0.2504
  0.2538
  0.2529
  0.2495
  0.2485
  0.2521
  0.2902
  0.2516
  0.2509
  0.2853
  0.2712
  0.2490
  0.2507
  0.2868
  0.2858
  0.2880
  0.2512
  0.2526
  0.2509
  0.2663
  0.2834
  0.2509
  0.2800
  0.2536
  0.2485
  0.2900
  0.2519
  0.2526
  0.2516
  0.2900
  0.2504
  0.2485
  0.2497
  0.2502
  0.2893
  0.2529
  0.2543
  0.2770
  0.2900
  0.2678
  0.2487
  0.2536
  0.2788
  0.2529
  0.2512
  0.2507
  0.2885
  0.2885
  0.2885
  0.2893
  0.2538
  0.2502
  0.2878
  0.2902
  0.2512
  0.2785
  0.2509
  0.2529
  0.2473
  0.2509
  0.2912
  0.2485
  0.2797
  0.2509
  0.2846
  0.2526
  0.2465
  0.2653
  0.2678
  0.2534
  0.2814
  0.2919
  0.2502
  0.2709
  0.2893
  0.2673
  0.2915
  0.2878
  0.2673
  0.2922
  0.2534
  0.2526
  0.2565
  0.2729
  0.2509
  0.2812
  0.2880
  0.2507
  0.2529
  0.2482
  0.2851
  0.2519
  0.2893
  0.2893
  0.2475
  0.2504
  0.2563
  0.2595
  0.2895
  0.2707
  0.2878
  0.2543
  0.2827
  0.2915
  0.2619
  0.2741
  0.2663
  0.2827
  0.2873
  0.2504
  0.2861
  0.2902
  0.2653
  0.2861
  0.2514
  0.2629
  0.2866
  0.2536
  0.2893
  0.2846
  0.2915
  0.2602
  0.2504
  0.2556
  0.2729
  0.2824
  0.2487
  0.2873
  0.2712
  0.2504
  0.2490
  0.2824
  0.2541
  0.2614
  0.2875
  0.2543
  0.2907
  0.2504
  0.2575
  0.2558
  0.2524
  0.2519
  0.2912
  0.2871
  0.2910
  0.2705
  0.2871
  0.2836
  0.2495
  0.2875
  0.2661
  0.2507
  0.2631
  0.2678
  0.2905
  0.2741
  0.2468
  0.2495
  0.2885
  0.2490
  0.2700
  0.2761
  0.2885
  0.2524
  0.2536
  0.2531
  0.2529
  0.2888
  0.2487
  0.2702
  0.2514
  0.2766
  0.2485
  0.2751
  0.2719
  0.2492
  0.2514
  0.2932
  0.2526
  0.2507
  0.2507
  0.2893
  0.2839
  0.2905
  0.2485
  0.2846
  0.2856
  0.2531
  0.2902
  0.2529
  0.2883
  0.2485
  0.2661
  0.2783
  0.2770
  0.2490
  0.2509
  0.2524
  0.2790
  0.2526
  0.2433
  0.2885
  0.2878
  0.2880
  0.2805
  0.2868
  0.2504
  0.2756
  0.2846
  0.2531
  0.2700
  0.2878
  0.2834
  0.2548
  0.2531
  0.2646
  0.2495
  0.2604
  0.2853
  0.2807
  0.2502
  0.2621
  0.2817
  0.2519
  0.2878
  0.2819
  0.2846
  0.2883
  0.2849
  0.2531
  0.2529
  0.2516
  0.2485
  0.2529
  0.2592
  0.2604
  0.2763
  0.2538
  0.2543
  0.2497
  0.2888
  0.2475
  0.2514
  0.2514
  0.2514
  0.2736
  0.2621
  0.2534
  0.2475
  0.2661
  0.2502
  0.2875
  0.2817
  0.2541
  0.2504
  0.2626
  0.2624
  0.2665
  0.2895
  0.2905
  0.2529
  0.2883
  0.2524
  0.2907
  0.2607
  0.2521
  0.2907
  0.2512
  0.2875
  0.2521
  0.2614
  0.2937
  0.2536
  0.2485
  0.2514
  0.2890
  0.2748
  0.2468
  0.2480
  0.2692
  0.2470
  0.2504
  0.2531
  0.2849
  0.2875
  0.2502
  0.2897
  0.2748
  0.2526
  0.2573
  0.2810
  0.2560
  0.2492
  0.2600
  0.2546
  0.2509
  0.2832
  0.2856
  0.2519
  0.2526
  0.2885
  0.2504
  0.2502
  0.2560
  0.2595
  0.2890
  0.2814
  0.2861
  0.2541
  0.2722
  0.2587
  0.2514
  0.2502
  0.2895
  0.2731
  0.2932
  0.2595
  0.2856
  0.2587
  0.2492
  0.2873
  0.2922
  0.2883
  0.2819
  0.2661
  0.2502
  0.2531
  0.2902
  0.2529
  0.2712
  0.2871
  0.2507
  0.2761
  0.2468
  0.2744
  0.2915
  0.2863
  0.2841
  0.2844
  0.2514
  0.2575
  0.2504
  0.2626
  0.2551
  0.2861
  0.2519
  0.2646
  0.2502
  0.2556
  0.2853
  0.2536
  0.2495
  0.2502
  0.2514
  0.2492
  0.2800
  0.2509
  0.2668
  0.2519
  0.2521
  0.2504
  0.2521
  0.2866
  0.2526
  0.2788
  0.2580
  0.2509
  0.2873
  0.2524
  0.2834
  0.2878
  0.2607
  0.2788
  0.2919
  0.2548
  0.2551
  0.2631
  0.2885
  0.2485
  0.2529
  0.2643
  0.2687
  0.2832
  0.2512
  0.2853
  0.2697
  0.2526
  0.2705
  0.2529
  0.2680
  0.2497
  0.2871
  0.2880
  0.2893
  0.2875
  0.2878
  0.2524
  0.2846
  0.2512
  0.2814
  0.2775
  0.2832
  0.2648
  0.2878
  0.2543
  0.2529
  0.2878
  0.2895
  0.2922
  0.2817
  0.2490
  0.2480
  0.2902
  0.2880
  0.2580
  0.2507
  0.2582
  0.2573
  0.2800
  0.2890
  0.2902
  0.2609
  0.2739
  0.2868
  0.2885
  0.2900
  0.2514
  0.2880
  0.2502
  0.2756
  0.2714
  0.2934
  0.2563
  0.2905
  0.2900
  0.2902
  0.2509
  0.2509
  0.2504
  0.2832
  0.2827
  0.2783
  0.2888
  0.2902
  0.2888
  0.2597
  0.2485
  0.2526
  0.2502
  0.2915
  0.2519
  0.2553
  0.2526
  0.2846
  0.2775
  0.2919
  0.2514
  0.2795
  0.2495
  0.2871
  0.2512
  0.2490
  0.2719
  0.2783
  0.2907
  0.2722
  0.2502
  0.2907
  0.2495
  0.2661
  0.2607
  0.2695
  0.2875
  0.2915
  0.2519
  0.2563
  0.2504
  0.2717
  0.2734
  0.2717
  0.2897
  0.2504
  0.2902
  0.2546
  0.2477
  0.2536
  0.2595
  0.2619
  0.2509
  0.2700
  0.2497
  0.2648
  0.2839
  0.2543
  0.2846
  0.2543
  0.2788
  0.2504
  0.2568
  0.2685
  0.2492
  0.2824
  0.2573
  0.2573
  0.2551
  0.2470
  0.2766
  0.2621
  0.2514
  0.2600
  0.2893
  0.2604
  0.2526
  0.2922
  0.2519
  0.2895
  0.2502
  0.2885
  0.2509
  0.2900
  0.2902
  0.2717
  0.2875
  0.2636
  0.2516
  0.2922
  0.2516
  0.2536
  0.2902
  0.2531
  0.2509
  0.2521
  0.2512
  0.2866
  0.2639
  0.2846
  0.2873
  0.2509
  0.2541
  0.2519
  0.2895
  0.2646
  0.2524
  0.2502
  0.2495
  0.2534
  0.2521
  0.2758
  0.2922
  0.2673
  0.2529
  0.2534
  0.2519
  0.2719
  0.2507
  0.2878
  0.2526
  0.2822
  0.2873
  0.2878
  0.2668
  0.2726
  0.2873
  0.2810
  0.2885
  0.2526
  0.2748
  0.2521
  0.2524
  0.2521
  0.2741
  0.2780
  0.2846
  0.2700
  0.2509
  0.2814
  0.2687
  0.2648
  0.2656
  0.2526
  0.2719
  0.2521
  0.2885
  0.2890
  0.2880
  0.2602
  0.2507
  0.2844
  0.2495
  0.2875
  0.2475
  0.2490
  0.2531
  0.2521
  0.2480
  0.2880
  0.2499
  0.2502
  0.2810
  0.2460
  0.2480
  0.2695
  0.2858
  0.2612
  0.2526
  0.2780
  0.2875
  0.2512
  0.2668
  0.2507
  0.2795
  0.2634
  0.2492
  0.2768
  0.2631
  0.2521
  0.2514
  0.2873
  0.2499
  0.2541
  0.2868
  0.2817
  0.2692
  0.2492
  0.2893
  0.2502
  0.2626
  0.2756
  0.2739
  0.2641
  0.2573
  0.2570
  0.2880
  0.2885
  0.2885
  0.2753
  0.2512
  0.2541
  0.2495
  0.2805
  0.2844
  0.2570
  0.2473
  0.2888
  0.2651
  0.2585
  0.2502
  0.2885
  0.2570
  0.2636
  0.2519
  0.2697
  0.2653
  0.2863
  0.2553
  0.2521
  0.2524
  0.2536
  0.2631
  0.2504
  0.2509
  0.2680
  0.2900
  0.2531
  0.2504
  0.2893
  0.2516
  0.2509
  0.2905
  0.2485
  0.2512
  0.2477
  0.2468
  0.2482
  0.2631
  0.2868
  0.2819
  0.2895
  0.2473
  0.2563
  0.2465
  0.2678
  0.2543
  0.2495
  0.2553
  0.2868
  0.2514
  0.2519
  0.2641
  0.2905
  0.2844
  0.2507
  0.2519
  0.2487
  0.2873
  0.2851
  0.2543
  0.2658
  0.2846
  0.2910
  0.2651
  0.2553
  0.2893
  0.2900
  0.2534
  0.2521
  0.2531
  0.2512
  0.2524
  0.2900
  0.2731
  0.2514
  0.2817
  0.2919
  0.2553
  0.2890
  0.2788
  0.2529
  0.2888
  0.2907
  0.2495
  0.2641
  0.2839
  0.2683
  0.2612
  0.2487
  0.2502
  0.2897
  0.2536
  0.2526
  0.2646
  0.2538
  0.2746
  0.2680
  0.2560
  0.2495
  0.2722
  0.2851
  0.2915
  0.2543
  0.2512
  0.2844
  0.2541
  0.2814
  0.2529
  0.2695
  0.2516
  0.2744
  0.2912
  0.2792
  0.2536
  0.2690
  0.2851
  0.2746
  0.2519
  0.2519
  0.2863
  0.2521
  0.2687
  0.2531
  0.2502
  0.2536
  0.2470
  0.2546
  0.2814
  0.2912
  0.2902
  0.2490
  0.2553
  0.2878
  0.2905
  0.2524
  0.2678
  0.2529
  0.2504
  0.2836
  0.2509
  0.2697
  0.2814
  0.2814
  0.2895
  0.2490
  0.2890
  0.2817
  0.2873
  0.2490
  0.2885
  0.2534
  0.2802
  0.2871
  0.2912
  0.2893
  0.2805
  0.2546
  0.2766
  0.2639
  0.2507
  0.2883
  0.2600
  0.2516
  0.2502
  0.2604
  0.2580
  0.2866
  0.2600
  0.2536
  0.2448
  0.2485
  0.2917
  0.2502
  0.2900
  0.2915
  0.2526
  0.2729
  0.2805
  0.2524
  0.2902
  0.2890
  0.2915
  0.2661
  0.2504
  0.2526
  0.2834
  0.2495
  0.2534
  0.2722
  0.2487
  0.2885
  0.2543
  0.2578
  0.2502
  0.2521
  0.2504
  0.2502
  0.2697
  0.2514
  0.2529
  0.2722
  0.2570
  0.2507
  0.2514
  0.2514
  0.2775
  0.2526
  0.2521
  0.2897
  0.2856
  0.2526
  0.2507
  0.2509
  0.2560
  0.2885
  0.2485
  0.2885
  0.2685
  0.2895
  0.2514
  0.2531
  0.2512
  0.2521
  0.2519
  0.2814
  0.2504
  0.2534
  0.2734
  0.2531
  0.2917
  0.2529
  0.2805
  0.2885
  0.2499
  0.2788
  0.2597
  0.2502
  0.2509
  0.2893
  0.2570
  0.2526
  0.2700
  0.2541
  0.2507
  0.2736
  0.2492
  0.2883
  0.2607
  0.2538
  0.2587
  0.2934
  0.2621
  0.2868
  0.2495
  0.2526
  0.2895
  0.2917
  0.2761
  0.2866
  0.2521
  0.2714
  0.2739
  0.2902
  0.2575
  0.2748
  0.2502
  0.2807
  0.2888
  0.2538
  0.2541
  0.2875
  0.2541
  0.2514
  0.2775
  0.2661
  0.2502
  0.2507
  0.2534
  0.2900
  0.2534
  0.2475
  0.2902
  0.2504
  0.2490
  0.2534
  0.2685
  0.2912
  0.2844
  0.2834
  0.2873
  0.2648
  0.2536
  0.2722
  0.2524
  0.2492
  0.2915
  0.2526
  0.2502
  0.2866
  0.2883
  0.2609
  0.2492
  0.2531
  0.2534
  0.2534
  0.2504
  0.2565
  0.2512
  0.2861
  0.2514
  0.2871
  0.2541
  0.2661
  0.2509
  0.2519
  0.2690
  0.2563
  0.2780
  0.2487
  0.2548
  0.2512
  0.2546
  0.2893
  0.2546
  0.2768
  0.2570
  0.2580
  0.2910
  0.2629
  0.2512
  0.2531
  0.2802
  0.2665
  0.2502
  0.2861
  0.2897
  0.2600
  0.2514
  0.2524
  0.2563
  0.2529
  0.2526
  0.2746
  0.2780
  0.2841
  0.2524
  0.2893
  0.2883
  0.2780
  0.2538
  0.2534
  0.2512
  0.2861
  0.2516
  0.2912
  0.2502
  0.2836
  0.2619
  0.2829
  0.2849
  0.2888
  0.2824
  0.2534
  0.2863
  0.2480
  0.2739
  0.2885
  0.2883
  0.2888
  0.2893
  0.2917
  0.2875
  0.2604
  0.2690
  0.2893
  0.2922
  0.2565
  0.2509
  0.2502
  0.2758
  0.2612
  0.2536
  0.2487
  0.2841
  0.2807
  0.2617
  0.2858
  0.2900
  0.2822
  0.2748
  0.2509
  0.2866
  0.2536
  0.2531
  0.2495
  0.2495
  0.2863
  0.2541
  0.2853
  0.2897
  0.2919
  0.2651
  0.2592
  0.2475
  0.2885
  0.2866
  0.2521
  0.2516
  0.2685
  0.2895
  0.2800
  0.2509
  0.2746
  0.2560
  0.2790
  0.2824
  0.2556
  0.2526
  0.2736
  0.2895
  0.2512
  0.2902
  0.2499
  0.2560
  0.2775
  0.2888
  0.2619
  0.2697
  0.2658
  0.2915
  0.2512
  0.2748
  0.2731
  0.2524
  0.2480
  0.2871
  0.2827
  0.2582
  0.2502
  0.2480
  0.2885
  0.2648
  0.2783
  0.2524
  0.2641
  0.2524
  0.2817
  0.2612
  0.2832
  0.2534
  0.2529
  0.2553
  0.2778
  0.2541
  0.2802
  0.2492
  0.2631
  0.2668
  0.2502
  0.2761
  0.2648
  0.2524
  0.2514
  0.2543
  0.2495
  0.2895
  0.2678
  0.2499
  0.2524
  0.2541
  0.2863
  0.2778
  0.2504
  0.2560
  0.2917
  0.2678
  0.2893
  0.2790
  0.2502
  0.2885
  0.2665
  0.2504
  0.2531
  0.2575
  0.2521
  0.2485
  0.2895
  0.2690
  0.2900
  0.2748
  0.2614
  0.2893
  0.2592
  0.2814
  0.2858
  0.2883
  0.2856
  0.2475
  0.2665
  0.2463
  0.2783
  0.2580
  0.2748
  0.2871
  0.2863
  0.2531
  0.2861
  0.2836
  0.2878
  0.2885
  0.2546
  0.2885
  0.2643
  0.2702
  0.2819
  0.2629
  0.2663
  0.2893
  0.2521
  0.2497
  0.2541
  0.2509
  0.2673
  0.2827
  0.2516
  0.2863
  0.2761
  0.2893
  0.2853
  0.2853
  0.2524
  0.2526
  0.2473
  0.2697
  0.2817
  0.2663
  0.2922
  0.2665
  0.2541
  0.2502
  0.2797
  0.2514
  0.2634
  0.2885
  0.2543
  0.2590
  0.2631
  0.2490
  0.2502
  0.2758
  0.2487
  0.2509
  0.2516
  0.2895
  0.2880
  0.2883
  0.2905
  0.2726
  0.2814
  0.2529
  0.2595
  0.2817
  0.2512
  0.2531
  0.2868
  0.2480
  0.2521
  0.2917
  0.2499
  0.2507
  0.2529
  0.2524
  0.2702
  0.2829
  0.2531
  0.2624
  0.2538
  0.2907
  0.2905
  0.2538
  0.2648
  0.2477
  0.2702
  0.2675
  0.2639
  0.2504
  0.2893
  0.2473
  0.2509
  0.2702
  0.2538
  0.2795
  0.2502
  0.2514
  0.2919
  0.2651
  0.2858
  0.2895
  0.2839
  0.2795
  0.2907
  0.2480
  0.2521
  0.2634
  0.2778
  0.2883
  0.2883
  0.2490
  0.2516
  0.2905
  0.2639
  0.2873
  0.2878
  0.2680
  0.2885
  0.2814
  0.2578
  0.2910
  0.2490
  0.2924
  0.2502
  0.2529
  0.2556
  0.2536
  0.2534
  0.2905
  0.2773
  0.2697
  0.2885
  0.2480
  0.2783
  0.2516
  0.2546
  0.2482
  0.2802
  0.2844
  0.2521
  0.2504
  0.2495
  0.2619
  0.2890
  0.2495
  0.2556
  0.2512
  0.2551
  0.2512
  0.2912
  0.2895
  0.2448
  0.2502
  0.2495
  0.2680
  0.2719
  0.2668
  0.2890
  0.2770
  0.2499
  0.2890
  0.2609
  0.2470
  0.2849
  0.2883
  0.2502
  0.2924
  0.2495
  0.2507
  0.2487
  0.2778
  0.2895
  0.2697
  0.2516
  0.2873
  0.2538
  0.2878
  0.2807
  0.2834
  0.2853
  0.2861
  0.2580
  0.2709
  0.2890
  0.2792
  0.2890
  0.2526
  0.2800
  0.2834
  0.2473
  0.2621
  0.2519
  0.2839
  0.2543
  0.2534
  0.2504
  0.2929
  0.2883
  0.2719
  0.2893
  0.2856
  0.2805
  0.2560
  0.2490
  0.2766
  0.2553
  0.2734
  0.2897
  0.2853
  0.2795
  0.2524
  0.2687
  0.2541
  0.2873
  0.2531
  0.2516
  0.2548
  0.2531
  0.2531
  0.2614
  0.2880
  0.2907
  0.2534
  0.2465
  0.2790
  0.2495
  0.2504
  0.2910
  0.2573
  0.2893
  0.2487
  0.2907
  0.2475
  0.2853
  0.2475
  0.2853
  0.2492
  0.2895
  0.2495
  0.2521
  0.2851
  0.2731
  0.2893
  0.2890
  0.2536
  0.2541
  0.2895
  0.2490
  0.2507
  0.2502
  0.2490
  0.2521
  0.2871
  0.2824
  0.2692
  0.2866
  0.2580
  0.2514
  0.2673
  0.2678
  0.2690
  0.2885
  0.2834
  0.2841
  0.2485
  0.2792
  0.2902
  0.2873
  0.2541
  0.2485
  0.2507
  0.2792
  0.2499
  0.2490
  0.2499
  0.2748
  0.2529
  0.3010
  0.2531
  0.2519
  0.2516
  0.2541
  0.2558
  0.2705
  0.2568
  0.2788
  0.2885
  0.2556
  0.2866
  0.2905
  0.2556
  0.2883
  0.2875
  0.2878
  0.2724
  0.2917
  0.2519
  0.2504
  0.2910
  0.2543
  0.2519
  0.2895
  0.2834
  0.2883
  0.2851
  0.2514
  0.2932
  0.2768
  0.2748
  0.2507
  0.2529
  0.2519
  0.2726
  0.2514
  0.2551
  0.2829
  0.2502
  0.2531
  0.2568
  0.2770
  0.2731
  0.2895
  0.2912
  0.2910
  0.2495
  0.2856
  0.2663
  0.2558
  0.2927
  0.2629
  0.2524
  0.2670
  0.2919
  0.2893
  0.2536
  0.2580
  0.2602
  0.2512
  0.2956
  0.2526
  0.2856
  0.2827
  0.2524
  0.2602
  0.2929
  0.2516
  0.2590
  0.2600
  0.2516
  0.2512
  0.2929
  0.2521
  0.2526
  0.2629
  0.2902
  0.2893
  0.2631
  0.2885
  0.2541
  0.2739
  0.2915
  0.2919
  0.2678
  0.2893
  0.2814
  0.2473
  0.2866
  0.2451
  0.2736
  0.2834
  0.2458
  0.2800
  0.2812
  0.2719
  0.2492
  0.2636
  0.2516
  0.2504
  0.2885
  0.2487
  0.2888
  0.2516
  0.2492
  0.2709
  0.2607
  0.2717
  0.2817
  0.2607
  0.2893
  0.2514
  0.2514
  0.2519
  0.2524
  0.2634
  0.2582
  0.2492
  0.2516
  0.2875
  0.2543
  0.2531
  0.2524
  0.2900
  0.2805
  0.2890
  0.2524
  0.2866
  0.2575
  0.2907
  0.2480
  0.2680
  0.2502
  0.2888
  0.2473
  0.2897
  0.2890
  0.2690
  0.2582
  0.2705
  0.2829
  0.2480
  0.2805
  0.2455
  0.2463
  0.2477
  0.2705
  0.2526
  0.2875
  0.2512
  0.2726
  0.2441
  0.2853
  0.2448
  0.2495
  0.2487
  0.2734
  0.2495
  0.2726
  0.2631
  0.2717
  0.2455
  0.2807
  0.2473
  0.2490
  0.2714
  0.2534
  0.2492
  0.2788
  0.2856
  0.2492
  0.2846
  0.2524
  0.2875
  0.2868
  0.2885
  0.2773
  0.2905
  0.2490
  0.2814
  0.2468
  0.2475
  0.2551
  0.2509
  0.2516
  0.2492
  0.2836
  0.2473
  0.2458
  0.2453
  0.2485
  0.2878
  0.2475
  0.2460
  0.2473
  0.2868
  0.2521
  0.2475
  0.2531
  0.2475
  0.2490
  0.2836
  0.2775
  0.2455
  0.2719
  0.2468
  0.2543
  0.2639
  0.2824
  0.2832
  0.2451
  0.2433
  0.2426
  0.2446
  0.2690
  0.2521
  0.2448
  0.2687
  0.2419
  0.2834
  0.2543
  0.2763
  0.2871
  0.2753
  0.2431
  0.2673
  0.2436
  0.2443
  0.2812
  0.2473
  0.2551
  0.2800
  0.2446
  0.2453
  0.2844
  0.2451
  0.2453
  0.2482
  0.2748
  0.2482
  0.2819
  0.2788
  0.2629
  0.2441
  0.2446
  0.2853
  0.2780
  0.2712
  0.2858
  0.2477
  0.2468
  0.2853
  0.2421
  0.2441
  0.2465
  0.2516
  0.2856
  0.2780
  0.2675
  0.2873
  0.2900
  0.2521
  0.2883
  0.2741
  0.2502
  0.2810
  0.2468
  0.2883
  0.2495
  0.2519
  0.2563
  0.2766
  0.2863
  0.2470
  0.2468
  0.2473
  0.2487
  0.2866
  0.2534
  0.2480
  0.2507
  0.2458
  0.2514
  0.2475
  0.2470
  0.2700
  0.2492
  0.2497
  0.2875
  0.2866
  0.2814
  0.2875
  0.2492
  0.2512
  0.2507
  0.2839
  0.2558
  0.2543
  0.2573
  0.2480
  0.2480
  0.2490
  0.2495
  0.2473
  0.2861
  0.2509
  0.2480
  0.2814
  0.2526
  0.2883
  0.2695
  0.2631
  0.2553
  0.2722
  0.2880
  0.2697
  0.2856
  0.2888
  0.2878
  0.2531
  0.2839
  0.2497
  0.2499
  0.2582
  0.2778
  0.2895
  0.2482
  0.2468
  0.2495
  0.2458
  0.2880
  0.2756
  0.2883
  0.2538
  0.2897
  0.2490
  0.2482
  0.2836
  0.2861
  0.2922
  0.2468
  0.2477
  0.2922
  0.2463
  0.2907
  0.2817
  0.2524
  0.2634
  0.2465
  0.2473
  0.2856
  0.2453
  0.2477
  0.2846
  0.2485
  0.2473
  0.2626
  0.2463
  0.2871
  0.2844
  0.2663
  0.2455
  0.2485
  0.2531
  0.2900
  0.2490
  0.2861
  0.2802
  0.2519
  0.2739
  0.2873
  0.2648
  0.2880
  0.2473
  0.2526
  0.2499
  0.2670
  0.2509
  0.2600
  0.2463
  0.2587
  0.2890
  0.2822
  0.2504
  0.2861
  0.2460
  0.2521
  0.2668
  0.2453
  0.2451
  0.2580
  0.2482
  0.2480
  0.2880
  0.2883
  0.2658
  0.2563
  0.2746
  0.2463
  0.2438
  0.2495
  0.2497
  0.2866
  0.2643
  0.2685
  0.2893
  0.2587
  0.2495
  0.2536
  0.2861
  0.2617
  0.2460
  0.2485
  0.2770
  0.2543
  0.2490
  0.2895
  0.2524
  0.2853
  0.2490
  0.2497
  0.2841
  0.2509
  0.2836
  0.2778
  0.2524
  0.2849
  0.2526
  0.2502
  0.2524
  0.2912
  0.2875
  0.2507
  0.2509
  0.2451
  0.2895
  0.2607
  0.2504
  0.2893
  0.2490
  0.2565
  0.2621
  0.2934
  0.2778
  0.2556
  0.2885
  0.2492
  0.2634
  0.2499
  0.2895
  0.2893
  0.2507
  0.2824
  0.2875
  0.2912
  0.2519
  0.2592
  0.2902
  0.2661
  0.2504
  0.2504
  0.2617
  0.2495
  0.2482
  0.2536
  0.2878
  0.2907
  0.2507
  0.2922
  0.2919
  0.2504
  0.2895
  0.2897
  0.2490
  0.2507
  0.2883
  0.2595
  0.2519
  0.2592
  0.2587
  0.2524
  0.2678
  0.2502
  0.2741
  0.2873
  0.2910
  0.2492
  0.2531
  0.2512
  0.2468
  0.2509
  0.2685
  0.2919
  0.2541
  0.2807
  0.2541
  0.2822
  0.2524
  0.2919
  0.2736
  0.2526
  0.2880
  0.2692
  0.2910
  0.2890
  0.2541
  0.2575
  0.2529
  0.2507
  0.2797
  0.2470
  0.2485
  0.2451
  0.2490
  0.2563
  0.2495
  0.2512
  0.2473
  0.2468
  0.2729
  0.2458
  0.2863
  0.2866
  0.2846
  0.2824
  0.2719
  0.2570
  0.2846
  0.2436
  0.2477
  0.2475
  0.2814
  0.2573
  0.2509
  0.2448
  0.2624
  0.2468
  0.2687
  0.2458
  0.2451
  0.2758
  0.2468
  0.2414
  0.2590
  0.2619
  0.2463
  0.2453
  0.2465
  0.2849
  0.2844
  0.2839
  0.2614
  0.2761
  0.2885
  0.2433
  0.2751
  0.2768
  0.2592
  0.2736
  0.2814
  0.2739
  0.2455
  0.2814
  0.2758
  0.2609
  0.2814
  0.2389
  0.2387
  0.2429
  0.2421
  0.2394
  0.2421
  0.2502
  0.2563
  0.2702
  0.2885
  0.2546
  0.2441
  0.2643
  0.2683
  0.2707
  0.2460
  0.2553
  0.2424
  0.2377
  0.2419
  0.2707
  0.2807
  0.2612
  0.2783
  0.2429
  0.2614
  0.2778
  0.2814
  0.2414
  0.2485
  0.2468
  0.2455
  0.2814
  0.2387
  0.2426
  0.2714
  0.2409
  0.2441
  0.2590
  0.2729
  0.2792
  0.2729
  0.2558
  0.2553
  0.2775
  0.2726
  0.2416
  0.2744
  0.2411
  0.2814
  0.2819
  0.2436
  0.2438
  0.2697
  0.2399
  0.2741
  0.2824
  0.2773
  0.2805
  0.2421
  0.2470
  0.2441
  0.2421
  0.2536
  0.2697
  0.2675
  0.2468
  0.2785
  0.2805
  0.2814
  0.2443
  0.2736
  0.2438
  0.2792
  0.2753
  0.2563
  0.2387
  0.2658
  0.2446
  0.2709
  0.2717
  0.2778
  0.2446
  0.2416
  0.2402
  0.2783
  0.2477
  0.2553
  0.2416
  0.2419
  0.2514
  0.2736
  0.2394
  0.2695
  0.2394
  0.2380
  0.2822
  0.2780
  0.2426
  0.2424
  0.2692
  0.2407
  0.2763
  0.2507
  0.2465
  0.2609
  0.2773
  0.2436
  0.2514
  0.2751
  0.2802
  0.2778
  0.2827
  0.2460
  0.2453
  0.2495
  0.2441
  0.2790
  0.2468
  0.2448
  0.2475
  0.2438
  0.2783
  0.2570
  0.2465
  0.2534
  0.2431
  0.2475
  0.2814
  0.2516
  0.2448
  0.2421
  0.2724
  0.2751
  0.2575
  0.2817
  0.2421
  0.2433
  0.2797
  0.2436
  0.2524
  0.2416
  0.2814
  0.2429
  0.2421
  0.2436
  0.2468
  0.2834
  0.2431
  0.2436
  0.2546
  0.2841
  0.2661
  0.2468
  0.2805
  0.2783
  0.2853
  0.2670
  0.2477
  0.2473
  0.2729
  0.2875
  0.2458
  0.2475
  0.2446
  0.2800
  0.2626
  0.2834
  0.2553
  0.2485
  0.2453
  0.2580
  0.2448
  0.2441
  0.2529
  0.2448
  0.2431
  0.2411
  0.2863
  0.2441
  0.2451
  0.2609
  0.2448
  0.2802
  0.2451
  0.2814
  0.2744
  0.2468
  0.2573
  0.2468
  0.2480
  0.2861
  0.2834
  0.2844
  0.2465
  0.2836
  0.2726
  0.2785
  0.2560
  0.2465
  0.2475
  0.2853
  0.2700
  0.2455
  0.2866
  0.2822
  0.2451
  0.2441
  0.2431
  0.2485
  0.2463
  0.2643
  0.2741
  0.2480
  0.2470
  0.2780
  0.2705
  0.2460
  0.2465
  0.2700
  0.2487
  0.2883
  0.2846
  0.2832
  0.2861
  0.2468
  0.2460
  0.2788
  0.2556
  0.2714
  0.2465
  0.2468
  0.2739
  0.2797
  0.2475
  0.2497
  0.2475
  0.2473
  0.2431
  0.2651
  0.2871
  0.2807
  0.2487
  0.2455
  0.2470
  0.2514
  0.2470
  0.2873
  0.2763
  0.2477
  0.2661
  0.2502
  0.2670
  0.2883
  0.2836
  0.2470
  0.2841
  0.2443
  0.2863
  0.2790
  0.2858
  0.2790
  0.2446
  0.2709
  0.2433
  0.2868
  0.2697
  0.2446
  0.2451
  0.2746
  0.2858
  0.2475
  0.2468
  0.2790
  0.2448
  0.2651
  0.2477
  0.2873
  0.2849
  0.2592
  0.2465
  0.2548
  0.2758
  0.2470
  0.2853
  0.2853
  0.2861
  0.2785
  0.2380
  0.2468
  0.2475
  0.2436
  0.2849
  0.2448
  0.2448
  0.2612
  0.2636
  0.2475
  0.2770
  0.2951
  0.2431
  0.2519
  0.2431
  0.2665
  0.2482
  0.2475
  0.2658
  0.2414
  0.2853
  0.2485
  0.2785
  0.2746
  0.2829
  0.2448
  0.2516
  0.2768
  0.2512
  0.2841
  0.2907
  0.2534
  0.2805
  0.2465
  0.2856
  0.2497
  0.2768
  0.2497
  0.2465
  0.2866
  0.2480
  0.2680
  0.2485
  0.2580
  0.2726
  0.2834
  0.2495
  0.2739
  0.2893
  0.2514
  0.2509
  0.2502
  0.2504
  0.2685
  0.2480
  0.2639
  0.2851
  0.2531
  0.2534
  0.2861
  0.2861
  0.2707
  0.2556
  0.2497
  0.2463
  0.2893
  0.2858
  0.2600
  0.2509
  0.2885
  0.2832
  0.2504
  0.2873
  0.2502
  0.2619
  0.2653
  0.2482
  0.2595
  0.2915
  0.2900
  0.2614
  0.2768
  0.2526
  0.2648
  0.2519
  0.2924
  0.2873
  0.2853
  0.2524
  0.2543
  0.2526
  0.2499
  0.2893
  0.2602
  0.2619
  0.2551
  0.2885
  0.2534
  0.2470
  0.2885
  0.2866
  0.2495
  0.2497
  0.2490
  0.2487
  0.2509
  0.2756
  0.2885
  0.2851
  0.2541
  0.2871
  0.2726
  0.2856
  0.2468
  0.2866
  0.2504
  0.2485
  0.2541
  0.2844
  0.2895
  0.2502
  0.2490
  0.2460
  0.2524
  0.2595
  0.2504
  0.2834
  0.2507
  0.2497
  0.2910
  0.2863
  0.2841
  0.2463
  0.2880
  0.2885
  0.2844
  0.2871
  0.2480
  0.2836
  0.2480
  0.2846
  0.2873
  0.2863
  0.2797
  0.2458
  0.2473
  0.2463
  0.2519
  0.2460
  0.2495
  0.2717
  0.2475
  0.2582
  0.2856
  0.2827
  0.2641
  0.2470
  0.2441
  0.2680
  0.2836
  0.2634
  0.2822
  0.2465
  0.2468
  0.2624
  0.2580
  0.2495
  0.2465
  0.2487
  0.2487
  0.2463
  0.2744
  0.2473
  0.2470
  0.2758
  0.2849
  0.2841
  0.2636
  0.2475
  0.2839
  0.2683
  0.2524
  0.2485
  0.2814
  0.2475
  0.2495
  0.2883
  0.2448
  0.2480
  0.2465
  0.2504
  0.2502
  0.2521
  0.2714
  0.2482
  0.2873
  0.2507
  0.2492
  0.2748
  0.2480
  0.2558
  0.2551
  0.2873
  0.2455
  0.2729
  0.2497
  0.2651
  0.2853
  0.2495
  0.2748
  0.2814
  0.2675
  0.2790
  0.2861
  0.2805
  0.2485
  0.2629
  0.2512
  0.2524
  0.2519
  0.2846
  0.2492
  0.2639
  0.2504
  0.2497
  0.2490
  0.2490
  0.2878
  0.2512
  0.2851
  0.2521
  0.2504
  0.2553
  0.2878
  0.2490
  0.2814
  0.2861
  0.2460
  0.2595
  0.2775
  0.2636
  0.2502
  0.2697
  0.2477
  0.2492
  0.2636
  0.2871
  0.2475
  0.2853
  0.2863
  0.2868
  0.2726
  0.2492
  0.2560
  0.2482
  0.2477
  0.2541
  0.2856
  0.2504
  0.2893
  0.2573
  0.2482
  0.2702
  0.2463
  0.2502
  0.2634
  0.2460
  0.2470
  0.2470
  0.2814
  0.2465
  0.2824
  0.2836
  0.2853
  0.2487
  0.2802
  0.2609
  0.2709
  0.2856
  0.2465
  0.2468
  0.2514
  0.2770
  0.2863
  0.2665
  0.2507
  0.2748
  0.2668
  0.2495
  0.2861
  0.2873
  0.2746
  0.2492
  0.2885
  0.2455
  0.2512
  0.2480
  0.2890
  0.2729
  0.2836
  0.2524
  0.2482
  0.2819
  0.2631
  0.2885
  0.2729
  0.2485
  0.2465
  0.2485
  0.2492
  0.2819
  0.2543
  0.2846
  0.2753
  0.2463
  0.2785
  0.2885
  0.2626
  0.2477
  0.2631
  0.2853
  0.2866
  0.2885
  0.2726
  0.2873
  0.2824
  0.2824
  0.2770
  0.2495
  0.2490
  0.2455
  0.2502
  0.2509
  0.2829
  0.2824
  0.2516
  0.2875
  0.2455
  0.2482
  0.2497
  0.2861
  0.2717
  0.2871
  0.2685
  0.2524
  0.2885
  0.2516
  0.2502
  0.2541
  0.2878
  0.2560
  0.2495
  0.2802
  0.2863
  0.2431
  0.2868
  0.2856
  0.2680
  0.2465
  0.2839
  0.2907
  0.2497
  0.2788
  0.2482
  0.2509
  0.2458
  0.2502
  0.2741
  0.2470
  0.2587
  0.2868
  0.2492
  0.2470
  0.2807
  0.2858
  0.2839
  0.2841
  0.2536
  0.2482
  0.2531
  0.2490
  0.2448
  0.2534
  0.2587
  0.2602
  0.2492
  0.2814
  0.2788
  0.2492
  0.2690
  0.2885
  0.2502
  0.2858
  0.2538
  0.2451
  0.2480
  0.2475
  0.2477
  0.2619
  0.2480
  0.2485
  0.2875
  0.2487
  0.2846
  0.2856
  0.2822
  0.2556
  0.2512
  0.2621
  0.2844
  0.2746
  0.2543
  0.2827
  0.2451
  0.2658
  0.2680
  0.2846
  0.2880
  0.2463
  0.2495
  0.2609
  0.2502
  0.2822
  0.2465
  0.2836
  0.2507
  0.2436
  0.2446
  0.2834
  0.2443
  0.2429
  0.2863
  0.2851
  0.2463
  0.2636
  0.2541
  0.2463
  0.2516
  0.2773
  0.2736
  0.2609
  0.2707
  0.2814
  0.2795
  0.2570
  0.2834
  0.2690
  0.2424
  0.2839
  0.2441
  0.2844
  0.2846
  0.2822
  0.2829
  0.2543
  0.2643
  0.2634
  0.2541
  0.2529
  0.2875
  0.2722
  0.2451
  0.2497
  0.2526
  0.2592
  0.2512
  0.2819
  0.2839
  0.2675
  0.2451
  0.2785
  0.2436
  0.2512
  0.2817
  0.2458
  0.2465
  0.2692
  0.2482
  0.2834
  0.2458
  0.2475
  0.2514
  0.2526
  0.2492
  0.2971
  0.2490
  0.2885
  0.2875
  0.2524
  0.2868
  0.2507
  0.2570
  0.2563
  0.2897
  0.2746
  0.2888
  0.2507
  0.2685
  0.2482
  0.2551
  0.2521
  0.2480
  0.2473
  0.2863
  0.2885
  0.2536
  0.2475
  0.2502
  0.2538
  0.2509
  0.2536
  0.2883
  0.2880
  0.2485
  0.2631
  0.2509
  0.2482
  0.2856
  0.2468
  0.2448
  0.2411
  0.2807
  0.2853
  0.2534
  0.2460
  0.2863
  0.2868
  0.2543
  0.2639
  0.2861
  0.2814
  0.2558
  0.2495
  0.2683
  0.2893
  0.2697
  0.2524
  0.2516
  0.2521
  0.2807
  0.2465
  0.2717
  0.2526
  0.2421
  0.2490
  0.2875
  0.2712
  0.2653
  0.2761
  0.2685
  0.2873
  0.2822
  0.2453
  0.2885
  0.2885
  0.2499
  0.2709
  0.2502
  0.2482
  0.2824
  0.2453
  0.2421
  0.2590
  0.2473
  0.2761
  0.2873
  0.2866
  0.2839
  0.2446
  0.2475
  0.2463
  0.2846
  0.2814
  0.2543
  0.2824
  0.2394
  0.2692
  0.2468
  0.2590
  0.2487
  0.2807
  0.2429
  0.2426
  0.2431
  0.2419
  0.2646
  0.2424
  0.2751
  0.2790
  0.2429
  0.2675
  0.2512
  0.2617
  0.2385
  0.2385
  0.2380
  0.2443
  0.2814
  0.2414
  0.2436
  0.2448
  0.2624
  0.2827
  0.2377
  0.2394
  0.2411
  0.2490
  0.2377
  0.2504
  0.2331
  0.2392
  0.2609
  0.2653
  0.2316
  0.2324
  0.2404
  0.2348
  0.2416
  0.2346
  0.2565
  0.2380
  0.2587
  0.2389
  0.2582
  0.2402
  0.2402
  0.2778
  0.2814
  0.2519
  0.2431
  0.2773
  0.2431
  0.2639
  0.2822
  0.2797
  0.2861
  0.2822
  0.2490
  0.2807
  0.2841
  0.2446
  0.2465
  0.2551
  0.2692
  0.2873
  0.2502
  0.2893
  0.2829
  0.2875
  0.2507
  0.2619
  0.2714
  0.2499
  0.2805
  0.2846
  0.2482
  0.2893
  0.2858
  0.2453
  0.2480
  0.2485
  0.2924
  0.2490
  0.2553
  0.2824
  0.2846
  0.2841
  0.2521
  0.2504
  0.2697
  0.2573
  0.2502
  0.2458
  0.2617
  0.2460
  0.2775
  0.2502
  0.2739
  0.2705
  0.2861
  0.2487
  0.2709
  0.2475
  0.2560
  0.2797
  0.2514
  0.2819
  0.2453
  0.2441
  0.2641
  0.2883
  0.2844
  0.2460
  0.2856
  0.2858
  0.2475
  0.2495
  0.2822
  0.2485
  0.2832
  0.2477
  0.2839
  0.2492
  0.2863
  0.2814
  0.2612
  0.2458
  0.2778
  0.2658
  0.2873
  0.2878
  0.2460
  0.2827
  0.2458
  0.2458
  0.2485
  0.2861
  0.2814
  0.2465
  0.2844
  0.2560
  0.2568
  0.2873
  0.2451
  0.2866
  0.2858
  0.2773
  0.2455
  0.2839
  0.2587
  0.2883
  0.2492
  0.2551
  0.2761
  0.2836
  0.2871
  0.2495
  0.2480
  0.2490
  0.2846
  0.2512
  0.2492
  0.2595
  0.2658
  0.2436
  0.2485
  0.2629
  0.2531
  0.2568
  0.2453
  0.2565
  0.2480
  0.2770
  0.2446
  0.2426
  0.2451
  0.2824
  0.2455
  0.2658
  0.2482
  0.2744
  0.2465
  0.2661
  0.2797
  0.2504
  0.2707
  0.2836
  0.2473
  0.2802
  0.2697
  0.2658
  0.2663
  0.2441
  0.2846
  0.2438
  0.2438
  0.2631
  0.2480
  0.2858
  0.2841
  0.2482
  0.2836
  0.2473
  0.2548
  0.2475
  0.2683
  0.2822
  0.2819
  0.2531
  0.2468
  0.2426
  0.2446
  0.2746
  0.2514
  0.2587
  0.2670
  0.2788
  0.2502
  0.2397
  0.2817
  0.2438
  0.2839
  0.2495
  0.2783
  0.2453
  0.2490
  0.2629
  0.2841
  0.2436
  0.2824
  0.2429
  0.2458
  0.2619
  0.2814
  0.2866
  0.2451
  0.2446
  0.2739
  0.2436
  0.2441
  0.2436
  0.2829
  0.2810
  0.2480
  0.2480
  0.2448
  0.2844
  0.2514
  0.2451
  0.2687
  0.2465
  0.2465
  0.2480
  0.2641
  0.2451
  0.2436
  0.2475
  0.2514
  0.2692
  0.2485
  0.2612
  0.2592
  0.2797
  0.2792
  0.2849
  0.2436
  0.2495
  0.2631
  0.2455
  0.2448
  0.2670
  0.2595
  0.2504
  0.2480
  0.2465
  0.2463
  0.2426
  0.2487
  0.2885
  0.2858
  0.2463
  0.2455
  0.2846
  0.2590
  0.2402
  0.2487
  0.2871
  0.2421
  0.2495
  0.2756
  0.2641
  0.2492
  0.2458
  0.2641
  0.2856
  0.2453
  0.2451
  0.2829
  0.2429
  0.2866
  0.2543
  0.2429
  0.2643
  0.2592
  0.2475
  0.2468
  0.2817
  0.2829
  0.2487
  0.2411
  0.2788
  0.2512
  0.2446
  0.2455
  0.2836
  0.2451
  0.2541
  0.2585
  0.2614
  0.2609
  0.2839
  0.2468
  0.2602
  0.2443
  0.2790
  0.2834
  0.2790
  0.2516
  0.2365
  0.2363
  0.2790
  0.2399
  0.2404
  0.2399
  0.2814
  0.2431
  0.2438
  0.2421
  0.2766
  0.2407
  0.2705
  0.2389
  0.2814
  0.2433
  0.2814
  0.2734
  0.2705
  0.2617
  0.2389
  0.2534
  0.2519
  0.2536
  0.2519
  0.2433
  0.2761
  0.2473
  0.2775
  0.2817
  0.2389
  0.2446
  0.2485
  0.2739
  0.2451
  0.2421
  0.2424
  0.2411
  0.2756
  0.2546
  0.2304
  0.2631
  0.2585
  0.2397
  0.2270
  0.2485
  0.2692
  0.2600
  0.2375
  0.2521
  0.2377
  0.2397
  0.2397
  0.2797
  0.2438
  0.2387
  0.2797
  0.2416
  0.2460
  0.2460
  0.2477
  0.2416
  0.2744
  0.2827
  0.2873
  0.2470
  0.2429
  0.2426
  0.2792
  0.2482
  0.2429
  0.2814
  0.2775
  0.2490
  0.2814
  0.2587
  0.2509
  0.2460
  0.2888
  0.2861
  0.2878
  0.2829
  0.2604
  0.2573
  0.2480
  0.2636
  0.2521
  0.2770
  0.2475
  0.2495
  0.2705
  0.2477
  0.2487
  0.2853
  0.2748
  0.2433
  0.2485
  0.2468
  0.2832
  0.2748
  0.2797
  0.2707
  0.2372
  0.2324
  0.2807
  0.2477
  0.2419
  0.2600
  0.2641
  0.2768
  0.2531
  0.2341
  0.2416
  0.2714
  0.2775
  0.2722
  0.2368
  0.2346
  0.2792
  0.2621
  0.2717
  0.2609
  0.2397
  0.2739
  0.2773
  0.2541
  0.2702
  0.2375
  0.2495
  0.2802
  0.2802
  0.2631
  0.2407
  0.2739
  0.2394
  0.2600
  0.2248
  0.2165
  0.2399
  0.2709
  0.2780
  0.2397
  0.2773
  0.2419
  0.2551
  0.2460
  0.2775
  0.2770
  0.2783
  0.2407
  0.2399
  0.2407
  0.2441
  0.2822
  0.2600
  0.2392
  0.2631
  0.2661
  0.2414
  0.2792
  0.2797
  0.2436
  0.2451
  0.2465
  0.2473
  0.2770
  0.2438
  0.2751
  0.2563
  0.2770
  0.2465
  0.2524
  0.2465
  0.2658
  0.2455
  0.2834
  0.2653
  0.2580
  0.2448
  0.2477
  0.2548
  0.2731
  0.2280
  0.2314
  0.2360
  0.2580
  0.2631
  0.2541
  0.2819
  0.2736
  0.2407
  0.2624
  0.2416
  0.2827
  0.2724
  0.2441
  0.2673
  0.2570
  0.2548
  0.2331
  0.2604
  0.2695
  0.2460
  0.2365
  0.2292
  0.2328
  0.2360
  0.2380
  0.2421
  0.2404
  0.2416
  0.2729
  0.2832
  0.2673
  0.2812
  0.2668
  0.2849
  0.2841
  0.2465
  0.2455
  0.2744
  0.2873
  0.2563
  0.2490
  0.2602
  0.2878
  0.2861
  0.2485
  0.2573
  0.2702
  0.2636
  0.2556
  0.2841
  0.2521
  0.2819
  0.2470
  0.2485
  0.2834
  0.2509
  0.2490
  0.2868
  0.2470
  0.2873
  0.2480
  0.2695
  0.2751
  0.2629
  0.2465
  0.2795
  0.2495
  0.2468
  0.2514
  0.2453
  0.2736
  0.2426
  0.2460
  0.2600
  0.2807
  0.2482
  0.2460
  0.2443
  0.2499
  0.2490
  0.2394
  0.2385
  0.2453
  0.2690
  0.2663
  0.2375
  0.2304
  0.2241
  0.2592
  0.2263
  0.2292
  0.2612
  0.2661
  0.2328
  0.2341
  0.2531
  0.2350
  0.2495
  0.2419
  0.2490
  0.2526
  0.2766
  0.2543
  0.2328
  0.2363
  0.2451
  0.2783
  0.2411
  0.2658
  0.2414
  0.2387
  0.2346
  0.2692
  0.2289
  0.2302
  0.2497
  0.2570
  0.2475
  0.2316
  0.2282
  0.2724
  0.2280
  0.2668
  0.2409
  0.2668
  0.2282
  0.2343
  0.2397
  0.2736
  0.2380
  0.2758
  0.2382
  0.2411
  0.2451
  0.2739
  0.2414
  0.2328
  0.2411
  0.2372
  0.2282
  0.2316
  0.2597
  0.2309
  0.2433
  0.2353
  0.2629
  0.2612
  0.2683
  0.2714
  0.2814
  0.2824
  0.2424
  0.2861
  0.2814
  0.2521
  0.2475
  0.2465
  0.2570
  0.2670
  0.2468
  0.2458
  0.2495
  0.2553
  0.2492
  0.2570
  0.2800
  0.2480
  0.2497
  0.2692
  0.2756
  0.2856
  0.2788
  0.2839
  0.2433
  0.2458
  0.2446
  0.2624
  0.2780
  0.2822
  0.2504
  0.2873
  0.2531
  0.2856
  0.2897
  0.2658
  0.2424
  0.2426
  0.2766
  0.2788
  0.2548
  0.2614
  0.2578
  0.2458
  0.2485
  0.2487
  0.2580
  0.2468
  0.2736
  0.2832
  0.2661
  0.2394
  0.2324
  0.2250
  0.2529
  0.2768
  0.2411
  0.2414
  0.2536
  0.2736
  0.2643
  0.2802
  0.2783
  0.2446
  0.2824
  0.2455
  0.2805
  0.2851
  0.2822
  0.2411
  0.2446
  0.2526
  0.2802
  0.2685
  0.2397
  0.2502
  0.2634
  0.2487
  0.2844
  0.2846
  0.2844
  0.2436
  0.2394
  0.2421
  0.2744
  0.2438
  0.2770
  0.2353
  0.2629
  0.2333
  0.2629
  0.2687
  0.2695
  0.2306
  0.2372
  0.2670
  0.2744
  0.2744
  0.2700
  0.2736
  0.2377
  0.2368
  0.2514
  0.2394
  0.2761
  0.2748
  0.2570
  0.2651
  0.2736
  0.2636
  0.2780
  0.2785
  0.2455
  0.2465
  0.2678
  0.2451
  0.2436
  0.2416
  0.2643
  0.2612
  0.2348
  0.2370
  0.2748
  0.2292
  0.2280
  0.2609
  0.2363
  0.2328
  0.2306
  0.2372
  0.2807
  0.2399
  0.2800
  0.2807
  0.2624
  0.2455
  0.2394
  0.2817
  0.2453
  0.2792
  0.2766
  0.2358
  0.2365
  0.2324
  0.2350
  0.2353
  0.2272
  0.2509
  0.2600
  0.2197
  0.2543
  0.2258
  0.2585
  0.2280
  0.2346
  0.2783
  0.2592
  0.2426
  0.2368
  0.2407
  0.2729
  0.2431
  0.2792
  0.2512
  0.2575
  0.2524
  0.2814
  0.2590
  0.2429
  0.2424
  0.2756
  0.2614
  0.2507
  0.2477
  0.2158
  0.2158
  0.2221
  0.2209
  0.2651
  0.2399
  0.2587
  0.2346
  0.2495
  0.2538
  0.2436
  0.2368
  0.2358
  0.2363
  0.2582
  0.2338
  0.2358
  0.2739
  0.2328
  0.2272
  0.2150
  0.2548
  0.2365
  0.2336
  0.2416
  0.2600
  0.2209
  0.2316
  0.2612
  0.2162
  0.2465
  0.2546
  0.2192
  0.2453
  0.2297
  0.2170
  0.2529
  0.2375
  0.2260
  0.2321
  0.2333
  0.2626
  0.2753
  0.2385
  0.2360
  0.2407
  0.2490
  0.2326
  0.2348
  0.2324
  0.2446
  0.2551
  0.2714
  0.2360
  0.2753
  0.2358
  0.2565
  0.2348
  0.2475
  0.2629
  0.2214
  0.2600
  0.2648
  0.2297
  0.2619
  0.2639
  0.2214
  0.2639
  0.2648
  0.2284
  0.2600
  0.2553
  0.2592
  0.2223
  0.2387
  0.2309
  0.2236
  0.2155
  0.2209
  0.2270
  0.2621
  0.2221
  0.2170
  0.2263
  0.2534
  0.2260
  0.2377
  0.2670
  0.2575
  0.2297
  0.2302
  0.2389
  0.2436
  0.2783
  0.2570
  0.2814
  0.2824
  0.2587
  0.2758
  0.2470
  0.2563
  0.2768
  0.2397
  0.2416
  0.2507
  0.2651
  0.2306
  0.2626
  0.2607
  0.2192
  0.2221
  0.2548
  0.2443
  0.2255
  0.2651
  0.2309
  0.2346
  0.2355
  0.2368
  0.2668
  0.2512
  0.2739
  0.2380
  0.2741
  0.2621
  0.2553
  0.2333
  0.2643
  0.2502
  0.2741
  0.2387
  0.2695
  0.2326
  0.2350
  0.2724
  0.2392
  0.2512
  0.2595
  0.2761
  0.2751
  0.2722
  0.2350
  0.2341
  0.2541
  0.2343
  0.2358
  0.2443
  0.2089
  0.2392
  0.2297
  0.2646
  0.2297
  0.2629
  0.2123
  0.2084
  0.2187
  0.2541
  0.2201
  0.2175
  0.2280
  0.2551
  0.2133
  0.2560
  0.2678
  0.2404
  0.2319
  0.2372
  0.2319
  0.2358
  0.2336
  0.2678
  0.2719
  0.2702
  0.2619
  0.2526
  0.2258
  0.2480
  0.2661
  0.2526
  0.2433
  0.2184
  0.2143
  0.2219
  0.2512
  0.2289
  0.2648
  0.2343
  0.2267
  0.2324
  0.2302
  0.2490
  0.2314
  0.2702
  0.2389
  0.2587
  0.2827
  0.2770
  0.2419
  0.2805
  0.2404
  0.2734
  0.2414
  0.2802
  0.2504
  0.2463
  0.2802
  0.2780
  0.2790
  0.2822
  0.2460
  0.2468
  0.2814
  0.2673
  0.2614
  0.2426
  0.2778
  0.2421
  0.2407
  0.2433
  0.2814
  0.2429
  0.2429
  0.2441
  0.2458
  0.2433
  0.2429
  0.2443
  0.2431
  0.2465
  0.2726
  0.2453
  0.2438
  0.2441
  0.2817
  0.2626
  0.2448
  0.2824
  0.2788
  0.2692
  0.2827
  0.2788
  0.2426
  0.2746
  0.2780
  0.2602
  0.2404
  0.2429
  0.2426
  0.2372
  0.2724
  0.2790
  0.2661
  0.2455
  0.2441
  0.2429
  0.2411
  0.2394
  0.2438
  0.2775
  0.2775
  0.2411
  0.2416
  0.2768
  0.2419
  0.2399
  0.2766
  0.2433
  0.2495
  0.2438
  0.2729
  0.2377
  0.2463
  0.2436
  0.2458
  0.2460
  0.2463
  0.2856
  0.2822
  0.2543
  0.2509
  0.2631
  0.2419
  0.2480
  0.2475
  0.2455
  0.2866
  0.2419
  0.2443
  0.2465
  0.2758
  0.2446
  0.2839
  0.2853
  0.2448
  0.2458
  0.2775
  0.2697
  0.2460
  0.2475
  0.2473
  0.2465
  0.2568
  0.2736
  0.2436
  0.2441
  0.2492
  0.2490
  0.2604
  0.2475
  0.2504
  0.2817
  0.2712
  0.2477
  0.2490
  0.2836
  0.2485
  0.2834
  0.2480
  0.2600
  0.2463
  0.2431
  0.2433
  0.2438
  0.2822
  0.2785
  0.2441
  0.2409
  0.2409
  0.2597
  0.2411
  0.2790
  0.2768
  0.2568
  0.2729
  0.2524
  0.2431
  0.2692
  0.2668
  0.2424
  0.2766
  0.2421
  0.2592
  0.2409
  0.2631
  0.2556
  0.2714
  0.2629
  0.2724
  0.2800
  0.2800
  0.2429
  0.2431
  0.2722
  0.2455
  0.2795
  0.2370
  0.2761
  0.2722
  0.2507
  0.2436
  0.2834
  0.2424
  0.2411
  0.2438
  0.2419
  0.2814
  0.2404
  0.2404
  0.2756
  0.2419
  0.2473
  0.2707
  0.2404
  0.2360
  0.2411
  0.2724
  0.2770
  0.2382
  0.2538
  0.2363
  0.2355
  0.2355
  0.2389
  0.2465
  0.2451
  0.2819
  0.2455
  0.2822
  0.2426
  0.2819
  0.2473
  0.2748
  0.2502
  0.2443
  0.2827
  0.2866
  0.2443
  0.2827
  0.2705
  0.2431
  0.2824
  0.2653
  0.2538
  0.2463
  0.2822
  0.2448
  0.2607
  0.2805
  0.2451
  0.2451
  0.2558
  0.2619
  0.2639
  0.2768
  0.2780
  0.2516
  0.2477
  0.2455
  0.2832
  0.2844
  0.2707
  0.2839
  0.2773
  0.2819
  0.2741
  0.2448
  0.2448
  0.2856
  0.2756
  0.2685
  0.2873
  0.2661
  0.2792
  0.2504
  0.2485
  0.2504
  0.2687
  0.2468
  0.2748
  0.2485
  0.2502
  0.2473
  0.2473
  0.2463
  0.2634
  0.2827
  0.2436
  0.2473
  0.2719
  0.2861
  0.2556
  0.2766
  0.2463
  0.2416
  0.2448
  0.2556
  0.2832
  0.2534
  0.2446
  0.2470
  0.2856
  0.2516
  0.2841
  0.2512
  0.2866
  0.2460
  0.2788
  0.2475
  0.2497
  0.2487
  0.2534
  0.2590
  0.2648
  0.2893
  0.2792
  0.2853
  0.2485
  0.2827
  0.2827
  0.2841
  0.2438
  0.2846
  0.2443
  0.2680
  0.2512
  0.2844
  0.2455
  0.2441
  0.2673
  0.2409
  0.2763
  0.2748
  0.2521
  0.2580
  0.2661
  0.2817
  0.2844
  0.2460
  0.2453
  0.2834
  0.2651
  0.2827
  0.2451
  0.2836
  0.2426
  0.2477
  0.2800
  0.2592
  0.2475
  0.2746
  0.2443
  0.2438
  0.2421
  0.2441
  0.2844
  0.2814
  0.2426
  0.2446
  0.2621
  0.2770
  0.2834
  0.2819
  0.2602
  0.2714
  0.2802
  0.2785
  0.2685
  0.2453
  0.2509
  0.2822
  0.2621
  0.2460
  0.2592
  0.2744
  0.2795
  0.2841
  0.2673
  0.2853
  0.2431
  0.2827
  0.2851
  0.2509
  0.2763
  0.2446
  0.2465
  0.2397
  0.2433
  0.2775
  0.2807
  0.2780
  0.2414
  0.2763
  0.2411
  0.2778
  0.2382
  0.2397
  0.2368
  0.2741
  0.2404
  0.2805
  0.2800
  0.2504
  0.2824
  0.2795
  0.2717
  0.2678
  0.2404
  0.2756
  0.2397
  0.2380
  0.2370
  0.2683
  0.2426
  0.2736
  0.2790
  0.2744
  0.2385
  0.2368
  0.2748
  0.2465
  0.2404
  0.2573
  0.2411
  0.2426
  0.2453
  0.2446
  0.2626
  0.2580
  0.2411
  0.2795
  0.2426
  0.2736
  0.2529
  0.2424
  0.2397
  0.2377
  0.2724
  0.2490
  0.2375
  0.2529
  0.2748
  0.2617
  0.2368
  0.2595
  0.2443
  0.2397
  0.2387
  0.2402
  0.2419
  0.2353
  0.2375
  0.2658
  0.2394
  0.2404
  0.2761
  0.2402
  0.2807
  0.2834
  0.2546
  0.2516
  0.2453
  0.2441
  0.2468
  0.2458
  0.2504
  0.2492
  0.2468
  0.2446
  0.2424
  0.2814
  0.2468
  0.2814
  0.2602
  0.2465
  0.2436
  0.2463
  0.2768
  0.2460
  0.2856
  0.2536
  0.2446
  0.2863
  0.2878
  0.2463
  0.2411
  0.2546
  0.2507
  0.2470
  0.2480
  0.2521
  0.2451
  0.2853
  0.2646
  0.2795
  0.2470
  0.2448
  0.2668
  0.2436
  0.2421
  0.2463
  0.2824
  0.2458
  0.2516
  0.2697
  0.2448
  0.2568
  0.2783
  0.2712
  0.2465
  0.2814
  0.2658
  0.2465
  0.2648
  0.2609
  0.2814
  0.2751
  0.2429
  0.2744
  0.2433
  0.2807
  0.2805
  0.2394
  0.2792
  0.2429
  0.2414
  0.2409
  0.2402
  0.2763
  0.2731
  0.2441
  0.2372
  0.2709
  0.2328
  0.2407
  0.2729
  0.2358
  0.2707
  0.2343
  0.2748
  0.2372
  0.2668
  0.2683
  0.2451
  0.2690
  0.2372
  0.2729
  0.2656
  0.2299
  0.2326
  0.2719
  0.2375
  0.2726
  0.2746
  0.2328
  0.2739
  0.2690
  0.2683
  0.2741
  0.2526
  0.2587
  0.2731
  0.2377
  0.2348
  0.2643
  0.2397
  0.2372
  0.2741
  0.2714
  0.2402
  0.2697
  0.2302
  0.2692
  0.2338
  0.2692
  0.2294
  0.2700
  0.2468
  0.2355
  0.2338
  0.2748
  0.2331
  0.2609
  0.2370
  0.2365
  0.2712
  0.2658
  0.2573
  0.2385
  0.2543
  0.2370
  0.2365
  0.2387
  0.2355
  0.2333
  0.2372
  0.2729
  0.2336
  0.2573
  0.2350
  0.2370
  0.2375
  0.2355
  0.2407
  0.2380
  0.2392
  0.2722
  0.2785
  0.2387
  0.2783
  0.2614
  0.2778
  0.2397
  0.2402
  0.2360
  0.2375
  0.2372
  0.2375
  0.2541
  0.2365
  0.2397
  0.2463
  0.2751
  0.2368
  0.2365
  0.2370
  0.2724
  0.2485
  0.2407
  0.2453
  0.2397
  0.2365
  0.2404
  0.2773
  0.2609
  0.2712
  0.2324
  0.2707
  0.2490
  0.2331
  0.2709
  0.2531
  0.2543
  0.2705
  0.2761
  0.2621
  0.2387
  0.2451
  0.2668
  0.2365
  0.2365
  0.2766
  0.2365
  0.2678
  0.2807
  0.2582
  0.2707
  0.2431
  0.2455
  0.2814
  0.2775
  0.2641
  0.2451
  0.2800
  0.2783
  0.2800
  0.2438
  0.2441
  0.2446
  0.2609
  0.2448
  0.2795
  0.2832
  0.2402
  0.2436
  0.2736
  0.2553
  0.2429
  0.2846
  0.2829
  0.2824
  0.2722
  0.2414
  0.2521
  0.2438
  0.2841
  0.2768
  0.2731
  0.2421
  0.2426
  0.2631
  0.2778
  0.2824
  0.2792
  0.2665
  0.2636
  0.2441
  0.2441
  0.2648
  0.2575
  0.2563
  0.2636
  0.2419
  0.2563
  0.2431
  0.2453
  0.2729
  0.2648
  0.2827
  0.2426
  0.2455
  0.2446
  0.2392
  0.2758
  0.2443
  0.2446
  0.2507
  0.2453
  0.2617
  0.2834
  0.2834
  0.2797
  0.2631
  0.2438
  0.2758
  0.2443
  0.2460
  0.2780
  0.2463
  0.2521
  0.2473
  0.2802
  0.2814
  0.2758
  0.2446
  0.2734
  0.2421
  0.2619
  0.2546
  0.2402
  0.2643
  0.2397
  0.2641
  0.2663
  0.2385
  0.2389
  0.2407
  0.2646
  0.2382
  0.2741
  0.2389
  0.2350
  0.2802
  0.2392
  0.2392
  0.2744
  0.2375
  0.2363
  0.2558
  0.2590
  0.2739
  0.2358
  0.2446
  0.2394
  0.2407
  0.2402
  0.2480
  0.2375
  0.2375
  0.2443
  0.2380
  0.2790
  0.2780
  0.2609
  0.2414
  0.2431
  0.2575
  0.2582
  0.2451
  0.2397
  0.2438
  0.2797
  0.2568
  0.2397
  0.2817
  0.2431
  0.2643
  0.2426
  0.2407
  0.2416
  0.2814
  0.2570
  0.2421
  0.2458
  0.2443
  0.2778
  0.2709
  0.2697
  0.2819
  0.2651
  0.2744
  0.2788
  0.2443
  0.2438
  0.2758
  0.2451
  0.2800
  0.2443
  0.2641
  0.2451
  0.2841
  0.2731
  0.2563
  0.2849
  0.2507
  0.2480
  0.2468
  0.2856
  0.2861
  0.2675
  0.2600
  0.2856
  0.2824
  0.2436
  0.2846
  0.2512
  0.2746
  0.2844
  0.2849
  0.2460
  0.2465
  0.2658
  0.2431
  0.2807
  0.2832
  0.2829
  0.2724
  0.2460
  0.2487
  0.2714
  0.2834
  0.2436
  0.2463
  0.2739
  0.2729
  0.2770
  0.2436
  0.2448
  0.2766
  0.2414
  0.2714
  0.2451
  0.2455
  0.2414
  0.2573
  0.2495
  0.2404
  0.2834
  0.2424
  0.2853
  0.2849
  0.2717
  0.2834
  0.2446
  0.2851
  0.2436
  0.2453
  0.2700
  0.2656
  0.2451
  0.2744
  0.2473
  0.2844
  0.2473
  0.2866
  0.2885
  0.2832
  0.2424
  0.2802
  0.2717
  0.2482
  0.2846
  0.2783
  0.2487
  0.2502
  0.2497
  0.2834
  0.2866
  0.2543
  0.2480
  0.2512
  0.2680
  0.2861
  0.2780
  0.2480
  0.2546
  0.2621
  0.2509
  0.2792
  0.2885
  0.2756
  0.2514
  0.2675
  0.2475
  0.2878
  0.2458
  0.2482
  0.2485
  0.2485
  0.2624
  0.2463
  0.2702
  0.2717
  0.2853
  0.2534
  0.2497
  0.2692
  0.2834
  0.2507
  0.2788
  0.2853
  0.2678
  0.2790
  0.2814
  0.2475
  0.2558
  0.2844
  0.2524
  0.2502
  0.2482
  0.2836
  0.2485
  0.2861
  0.2473
  0.2668
  0.2736
  0.2875
  0.2468
  0.2514
  0.2504
  0.2521
  0.2873
  0.2470
  0.2536
  0.2516
  0.2856
  0.2863
  0.2480
  0.2648
  0.2775
  0.2507
  0.2707
  0.2846
  0.2538
  0.2580
  0.2524
  0.2863
  0.2502
  0.2678
  0.2458
  0.2485
  0.2861
  0.2570
  0.2775
  0.2536
  0.2873
  0.2746
  0.2458
  0.2873
  0.2485
  0.2512
  0.2485
  0.2878
  0.2810
  0.2475
  0.2851
  0.2465
  0.2495
  0.2832
  0.2455
  0.2480
  0.2556
  0.2856
  0.2858
  0.2849
  0.2761
  0.2455
  0.2836
  0.2736
  0.2482
  0.2832
  0.2470
  0.2858
  0.2495
  0.2477
  0.2836
  0.2473
  0.2817
  0.2455
  0.2441
  0.2700
  0.2853
  0.2709
  0.2861
  0.2551
  0.2853
  0.2551
  0.2516
  0.2475
  0.2890
  0.2451
  0.2480
  0.2883
  0.2458
  0.2888
  0.2502
  0.2868
  0.2451
  0.2473
  0.2514
  0.2495
  0.2770
  0.2866
  0.2604
  0.2578
  0.2873
  0.2485
  0.2521
  0.2641
  0.2873
  0.2621
  0.2885
  0.2636
  0.2570
  0.2548
  0.2490
  0.2853
  0.2538
  0.2460
  0.2797
  0.2509
  0.2592
  0.2866
  0.2814
  0.2863
  0.2512
  0.2512
  0.2485
  0.2504
  0.2560
  0.2502
  0.2895
  0.2612
  0.2871
  0.2863
  0.2541
  0.2502
  0.2722
  0.2551
  0.2480
  0.2512
  0.2504
  0.2641
  0.2758
  0.2565
  0.2646
  0.2875
  0.2888
  0.2661
  0.2548
  0.2485
  0.2470
  0.2880
  0.2460
  0.2734
  0.2563
  0.2805
  0.2541
  0.2824
  0.2890
  0.2780
  0.2719
  0.2521
  0.2534
  0.2890
  0.2621
  0.2875
  0.2719
  0.2468
  0.2573
  0.2521
  0.2758
  0.2624
  0.2546
  0.2507
  0.2890
  0.2714
  0.2849
  0.2465
  0.2741
  0.2651
  0.2814
  0.2453
  0.2814
  0.2839
  0.2497
  0.2805
  0.2548
  0.2612
  0.2626
  0.2717
  0.2734
  0.2856
  0.2492
  0.2849
  0.2448
  0.2863
  0.2800
  0.2841
  0.2800
  0.2458
  0.2570
  0.2438
  0.2736
  0.2748
  0.2802
  0.2475
  0.2504
  0.2485
  0.2424
  0.2880
  0.2492
  0.2455
  0.2507
  0.2866
  0.2502
  0.2871
  0.2482
  0.2512
  0.2468
  0.2551
  0.2507
  0.2492
  0.2473
  0.2460
  0.2507
  0.2458
  0.2819
  0.2509
  0.2487
  0.2844
  0.2788
  0.2443
  0.2822
  0.2514
  0.2824
  0.2575
  0.2436
  0.2443
  0.2431
  0.2700
  0.2624
  0.2839
  0.2636
  0.2736
  0.2455
  0.2824
  0.2834
  0.2810
  0.2438
  0.2414
  0.2416
  0.2443
  0.2778
  0.2416
  0.2788
  0.2834
  0.2814
  0.2805
  0.2433
  0.2636
  0.2455
  0.2734
  0.2487
  0.2438
  0.2504
  0.2387
  0.2800
  0.2653
  0.2465
  0.2558
  0.2768
  0.2802
  0.2392
  0.2758
  0.2763
  0.2407
  0.2717
  0.2375
  0.2785
  0.2790
  0.2438
  0.2534
  0.2402
  0.2411
  0.2675
  0.2407
  0.2397
  0.2365
  0.2741
  0.2380
  0.2326
  0.2519
  0.2634
  0.2609
  0.2341
  0.2326
  0.2458
  0.2634
  0.2348
  0.2639
  0.2436
  0.2551
  0.2292
  0.2372
  0.2568
  0.2385
  0.2375
  0.2443
  0.2372
  0.2324
  0.2543
  0.2304
  0.2253
  0.2658
  0.2260
  0.2380
  0.2560
  0.2617
  0.2328
  0.2360
  0.2355
  0.2487
  0.2404
  0.2363
  0.2311
  0.2341
  0.2328
  0.2306
  0.2299
  0.2414
  0.2319
  0.2302
  0.2690
  0.2316
  0.2658
  0.2284
  0.2258
  0.2265
  0.2253
  0.2609
  0.2612
  0.2355
  0.2495
  0.2629
  0.2617
  0.2516
  0.2453
  0.2661
  0.2260
  0.2634
  0.2473
  0.2243
  0.2245
  0.2231
  0.2648
  0.2602
  0.2463
  0.2219
  0.2617
  0.2609
  0.2199
  0.2192
  0.2172
  0.2189
  0.2226
  0.2407
  0.2253
  0.2597
  0.2651
  0.2639
  0.2314
  0.2651
  0.2263
  0.2336
  0.2697
  0.2646
  0.2321
  0.2719
  0.2292
  0.2336
  0.2343
  0.2665
  0.2292
  0.2685
  0.2700
  0.2350
  0.2724
  0.2346
  0.2509
  0.2687
  0.2770
  0.2458
  0.2780
  0.2621
  0.2355
  0.2399
  0.2768
  0.2399
  0.2380
  0.2385
  0.2355
  0.2697
  0.2512
  0.2392
  0.2326
  0.2695
  0.2343
  0.2692
  0.2722
  0.2324
  0.2453
  0.2468
  0.2331
  0.2602
  0.2531
  0.2761
  0.2370
  0.2712
  0.2453
  0.2372
  0.2531
  0.2541
  0.2739
  0.2387
  0.2387
  0.2397
  0.2731
  0.2419
  0.2421
  0.2382
  0.2773
  0.2714
  0.2800
  0.2709
  0.2387
  0.2739
  0.2766
  0.2392
  0.2788
  0.2766
  0.2775
  0.2705
  0.2807
  0.2612
  0.2646
  0.2668
  0.2429
  0.2824
  0.2841
  0.2795
  0.2431
  0.2436
  0.2761
  0.2778
  0.2802
  0.2460
  0.2746
  0.2646
  0.2446
  0.2463
  0.2531
  0.2788
  0.2448
  0.2792
  0.2846
  0.2446
  0.2541
  0.2465
  0.2433
  0.2841
  0.2785
  0.2455
  0.2402
  0.2768
  0.2389
  0.2548
  0.2707
  0.2419
  0.2761
  0.2360
  0.2368
  0.2319
  0.2414
  0.2702
  0.2309
  0.2531
  0.2306
  0.2604
  0.2446
  0.2673
  0.2673
  0.2277
  0.2582
  0.2309
  0.2495
  0.2346
  0.2326
  0.2348
  0.2739
  0.2748
  0.2553
  0.2629
  0.2568
  0.2372
  0.2709
  0.2348
  0.2590
  0.2368
  0.2458
  0.2751
  0.2341
  0.2346
  0.2319
  0.2744
  0.2751
  0.2744
  0.2387
  0.2419
  0.2763
  0.2756
  0.2556
  0.2690
  0.2580
  0.2314
  0.2355
  0.2707
  0.2365
  0.2411
  0.2382
  0.2697
  0.2746
  0.2455
  0.2600
  0.2448
  0.2414
  0.2495
  0.2465
  0.2604
  0.2463
  0.2470
  0.2495
  0.2819
  0.2846
  0.2458
  0.2487
  0.2824
  0.2861
  0.2736
  0.2460
  0.2739
  0.2463
  0.2890
  0.2893
  0.2495
  0.2504
  0.2595
  0.2441
  0.2477
  0.2658
  0.2846
  0.2480
  0.2626
  0.2817
  0.2473
  0.2534
  0.2807
  0.2744
  0.2473
  0.2453
  0.2690
  0.2846
  0.2448
  0.2729
  0.2780
  0.2465
  0.2822
  0.2844
  0.2465
  0.2612
  0.2453
  0.2800
  0.2485
  0.2836
  0.2512
  0.2783
  0.2643
  0.2851
  0.2463
  0.2490
  0.2868
  0.2560
  0.2695
  0.2839
  0.2883
  0.2587
  0.2473
  0.2595
  0.2460
  0.2724
  0.2438
  0.2595
  0.2512
  0.2512
  0.2866
  0.2504
  0.2871
  0.2871
  0.2502
  0.2673
  0.2841
  0.2470
  0.2883
  0.2814
  0.2839
  0.2880
  0.2490
  0.2495
  0.2678
  0.2617
  0.2592
  0.2731
  0.2822
  0.2485
  0.2846
  0.2858
  0.2853
  0.2575
  0.2514
  0.2617
  0.2788
  0.2495
  0.2458
  0.2707
  0.2709
  0.2480
  0.2416
  0.2736
  0.2841
  0.2846
  0.2631
  0.2690
  0.2827
  0.2482
  0.2824
  0.2685
  0.2470
  0.2441
  0.2607
  0.2492
  0.2758
  0.2431
  0.2546
  0.2514
  0.2692
  0.2473
  0.2421
  0.2807
  0.2724
  0.2580
  0.2841
  0.2829
  0.2609
  0.2446
  0.2661
  0.2797
  0.2800
  0.2470
  0.2670
  0.2788
  0.2448
  0.2849
  0.2475
  0.2824
  0.2770
  0.2834
  0.2783
  0.2834
  0.2441
  0.2431
  0.2802
  0.2473
  0.2824
  0.2470
  0.2448
  0.2524
  0.2465
  0.2829
  0.2819
  0.2438
  0.2739
  0.2475
  0.2648
  0.2560
  0.2668
  0.2810
  0.2458
  0.2690
  0.2790
  0.2580
  0.2446
  0.2631
  0.2619
  0.2453
  0.2482
  0.2470
  0.2841
  0.2507
  0.2441
  0.2409
  0.2778
  0.2411
  0.2441
  0.2433
  0.2536
  0.2643
  0.2824
  0.2460
  0.2946
  0.2436
  0.2470
  0.2565
  0.2438
  0.2451
  0.2768
  0.2414
  0.2470
  0.2409
  0.2438
  0.2568
  0.2780
  0.2739
  0.2453
  0.2463
  0.2441
  0.2778
  0.2448
  0.2509
  0.2814
  0.2429
  0.2817
  0.2436
  0.2431
  0.2807
  0.2441
  0.2448
  0.2836
  0.2849
  0.2426
  0.2748
  0.2582
  0.2394
  0.2433
  0.2795
  0.2592
  0.2424
  0.2446
  0.2814
  0.2753
  0.2424
  0.2448
  0.2778
  0.2731
  0.2426
  0.2797
  0.2814
  0.2670
  0.2792
  0.2436
  0.2822
  0.2805
  0.2446
  0.2397
  0.2653
  0.2853
  0.2763
  0.2731
  0.2807
  0.2431
  0.2790
  0.2411
  0.2800
  0.2814
  0.2490
  0.2775
  0.2419
  0.2463
  0.2399
  0.2531
  0.2419
  0.2485
  0.2409
  0.2514
  0.2658
  0.2446
  0.2407
  0.2773
  0.2575
  0.2397
  0.2563
  0.2407
  0.2829
  0.2788
  0.2490
  0.2448
  0.2734
  0.2792
  0.2797
  0.2416
  0.2541
  0.2446
  0.2805
  0.2802
  0.2580
  0.2402
  0.2702
  0.2487
  0.2570
  0.2397
  0.2736
  0.2800
  0.2807
  0.2519
  0.2436
  0.2744
  0.2482
  0.2773
  0.2441
  0.2465
  0.2414
  0.2490
  0.2773
  0.2392
  0.2431
  0.2404
  0.2805
  0.2705
  0.2414
  0.2389
  0.2790
  0.2411
  0.2692
  0.2397
  0.2470
  0.2411
  0.2399
  0.2399
  0.2507
  0.2780
  0.2661
  0.2341
  0.2639
  0.2712
  0.2480
  0.2719
  0.2368
  0.2761
  0.2394
  0.2651
  0.2507
  0.2387
  0.2612
  0.2370
  0.2788
  0.2553
  0.2792
  0.2651
  0.2563
  0.2372
  0.2399
  0.2416
  0.2773
  0.2753
  0.2377
  0.2377
  0.2678
  0.2585
  0.2643
  0.2714
  0.2380
  0.2387
  0.2697
  0.2624
  0.2368
  0.2424
  0.2392
  0.2634
  0.2394
  0.2404
  0.2368
  0.2377
  0.2795
  0.2626
  0.2783
  0.2800
  0.2370
  0.2746
  0.2495
  0.2397
  0.2746
  0.2797
  0.2775
  0.2653
  0.2529
  0.2429
  0.2770
  0.2387
  0.2624
  0.2455
  0.2377
  0.2753
  0.2700
  0.2399
  0.2389
  0.2372
  0.2389
  0.2387
  0.2392
  0.2370
  0.2402
  0.2614
  0.2397
  0.2421
  0.2731
  0.2724
  0.2358
  0.2387
  0.2739
  0.2748
  0.2455
  0.2609
  0.2758
  0.2421
  0.2358
  0.2397
  0.2648
  0.2416
  0.2763
  0.2385
  0.2441
  0.2397
  0.2761
  0.2736
  0.2502
  0.2368
  0.2372
  0.2524
  0.2753
  0.2656
  0.2346
  0.2368
  0.2621
  0.2719
  0.2516
  0.2748
  0.2368
  0.2355
  0.2336
  0.2426
  0.2368
  0.2372
  0.2365
  0.2380
  0.2746
  0.2707
  0.2766
  0.2394
  0.2726
  0.2363
  0.2736
  0.2397
  0.2668
  0.2382
  0.2382
  0.2624
  0.2392
  0.2468
  0.2631
  0.2382
  0.2316
  0.2372
  0.2717
  0.2377
  0.2380
  0.2685
  0.2766
  0.2387
  0.2602
  0.2751
  0.2736
  0.2568
  0.2512
  0.2773
  0.2346
  0.2634
  0.2621
  0.2514
  0.2768
  0.2363
  0.2331
  0.2355
  0.2731
  0.2507
  0.2734
  0.2399
  0.2502
  0.2726
  0.2385
  0.2355
  0.2382
  0.2331
  0.2548
  0.2548
  0.2563
  0.2341
  0.2756
  0.2744
  0.2719
  0.2678
  0.2353
  0.2570
  0.2358
  0.2375
  0.2661
  0.2621
  0.2697
  0.2348
  0.2363
  0.2763
  0.2429
  0.2429
  0.2739
  0.2602
  0.2348
  0.2753
  0.2424
  0.2387
  0.2602
  0.2756
  0.2753
  0.2731
  0.2343
  0.2370
  0.2724
  0.2426
  0.2700
  0.2707
  0.2346
  0.2729
  0.2741
  0.2692
  0.2319
  0.2651
  0.2607
  0.2443
  0.2341
  0.2326
  0.2387
  0.2316
  0.2697
  0.2338
  0.2726
  0.2416
  0.2446
  0.2609
  0.2416
  0.2619
  0.2314
  0.2348
  0.2609
  0.2324
  0.2363
  0.2729
  0.2358
  0.2385
  0.2707
  0.2775
  0.2346
  0.2409
  0.2748
  0.2382
  0.2385
  0.2331
  0.2516
  0.2780
  0.2392
  0.2365
  0.2348
  0.2634
  0.2368
  0.2729
  0.2585
  0.2375
  0.2355
  0.2377
  0.2729
  0.2731
  0.2348
  0.2343
  0.2397
  0.2465
  0.2394
  0.2399
  0.2695
  0.2756
  0.2404
  0.2678
  0.2748
  0.2690
  0.2548
  0.2372
  0.2753
  0.2382
  0.2389
  0.2348
  0.2392
  0.2739
  0.2365
  0.2595
  0.2766
  0.2753
  0.2621
  0.2475
  0.2355
  0.2570
  0.2753
  0.2365
  0.2370
  0.2683
  0.2705
  0.2748
  0.2360
  0.2453
  0.2389
  0.2648
  0.2690
  0.2282
  0.2348
  0.2631
  0.2626
  0.2495
  0.2485
  0.2678
  0.2358
  0.2346
  0.2416
  0.2441
  0.2375
  0.2602
  0.2424
  0.2321
  0.2724
  0.2621
  0.2487
  0.2321
  0.2331
  0.2729
  0.2629
  0.2643
  0.2360
  0.2360
  0.2746
  0.2414
  0.2670
  0.2697
  0.2341
  0.2353
  0.2736
  0.2343
  0.2365
  0.2348
  0.2748
  0.2612
  0.2451
  0.2331
  0.2673
  0.2331
  0.2670
  0.2709
  0.2419
  0.2321
  0.2724
  0.2729
  0.2631
  0.2726
  0.2377
  0.2350
  0.2663
  0.2416
  0.2380
  0.2333
  0.2316
  0.2687
  0.2722
  0.2319
  0.2355
  0.2346
  0.2338
  0.2446
  0.2377
  0.2346
  0.2646
  0.2658
  0.2365
  0.2707
  0.2338
  0.2358
  0.2719
  0.2346
  0.2311
  0.2416
  0.2306
  0.2331
  0.2717
  0.2358
  0.2319
  0.2348
  0.2580
  0.2731
  0.2695
  0.2355
  0.2333
  0.2719
  0.2358
  0.2702
  0.2333
  0.2736
  0.2350
  0.2414
  0.2687
  0.2604
  0.2756
  0.2717
  0.2441
  0.2353
  0.2392
  0.2709
  0.2832
  0.2729
  0.2748
  0.2487
  0.2580
  0.2751
  0.2372
  0.2487
  0.2460
  0.2604
  0.2734
  0.2656
  0.2753
  0.2668
  0.2328
  0.2714
  0.2741
  0.2343
  0.2578
  0.2404
  0.2343
  0.2365
  0.2477
  0.2368
  0.2333
  0.2311
  0.2724
  0.2573
  0.2392
  0.2719
  0.2358
  0.2350
  0.2758
  0.2370
  0.2306
  0.2380
  0.2585
  0.2363
  0.2368
  0.2346
  0.2355
  0.2419
  0.2358
  0.2553
  0.2328
  0.2346
  0.2734
  0.2314
  0.2724
  0.2368
  0.2343
  0.2358
  0.2602
  0.2348
  0.2595
  0.2341
  0.2487
  0.2607
  0.2473
  0.2746
  0.2687
  0.2353
  0.2355
  0.2722
  0.2328
  0.2746
  0.2731
  0.2705
  0.2634
  0.2353
  0.2343
  0.2709
  0.2683
  0.2331
  0.2675
  0.2741
  0.2482
  0.2526
  0.2717
  0.2311
  0.2607
  0.2358
  0.2377
  0.2453
  0.2385
  0.2736
  0.2768
  0.2748
  0.2541
  0.2619
  0.2748
  0.2758
  0.2343
  0.2331
  0.2683
  0.2758
  0.2348
  0.2758
  0.2328
  0.2372
  0.2338
  0.2368
  0.2487
  0.2766
  0.2348
  0.2397
  0.2380
  0.2399
  0.2707
  0.2346
  0.2763
  0.2421
  0.2724
  0.2739
  0.2458
  0.2619
  0.2531
  0.2722
  0.2370
  0.2355
  0.2697
  0.2370
  0.2331
  0.2377
  0.2382
  0.2675
  0.2372
  0.2761
  0.2333
  0.2487
  0.2368
  0.2722
  0.2600
  0.2744
  0.2619
  0.2592
  0.2595
  0.2756
  0.2375
  0.2333
  0.2702
  0.2336
  0.2380
  0.2389
  0.2753
  0.2389
  0.2773
  0.2756
  0.2380
  0.2607
  0.2365
  0.2502
  0.2748
  0.2438
  0.2560
  0.2392
  0.2551
  0.2768
  0.2653
  0.2621
  0.2499
  0.2768
  0.2780
  0.2382
  0.2563
  0.2416
  0.2377
  0.2788
  0.2519
  0.2394
  0.2370
  0.2404
  0.2487
  0.2495
  0.2387
  0.2785
  0.2424
  0.2661
  0.2385
  0.2382
  0.2426
  0.2387
  0.2411
  0.2368
  0.2744
  0.2758
  0.2810
  0.2790
  0.2414
  0.2385
  0.2389
  0.2387
  0.2404
  0.2534
  0.2519
  0.2399
  0.2795
  0.2411
  0.2739
  0.2568
  0.2365
  0.2411
  0.2355
  0.2389
  0.2414
  0.2441
  0.2619
  0.2426
  0.2402
  0.2389
  0.2429
  0.2404
  0.2492
  0.2431
  0.2751
  0.2663
  0.2763
  0.2485
  0.2375
  0.2770
  0.2538
  0.2551
  0.2409
  0.2485
  0.2404
  0.2387
  0.2790
  0.2363
  0.2592
  0.2431
  0.2639
  0.2424
  0.2389
  0.2629
  0.2636
  0.2502
  0.2365
  0.2643
  0.2360
  0.2429
  0.2382
  0.2778
  0.2807
  0.2795
  0.2399
  0.2455
  0.2768
  0.2529
  0.2739
  0.2756
  0.2463
  0.2370
  0.2429
  0.2424
  0.2692
  0.2414
  0.2514
  0.2407
  0.2753
  0.2548
  0.2717
  0.2763
  0.2585
  0.2411
  0.2807
  0.2443
  0.2487
  0.2783
  0.2480
  0.2658
  0.2360
  0.2353
  0.2416
  0.2719
  0.2797
  0.2387
  0.2683
  0.2590
  0.2763
  0.2348
  0.2399
  0.2404
  0.2377
  0.2485
  0.2407
  0.2485
  0.2402
  0.2514
  0.2389
  0.2575
  0.2436
  0.2512
  0.2758
  0.2392
  0.2758
  0.2455
  0.2392
  0.2372
  0.2350
  0.2355
  0.2748
  0.2402
  0.2348
  0.2363
  0.2758
  0.2714
  0.2719
  0.2451
  0.2502
  0.2492
  0.2358
  0.2377
  0.2372
  0.2368
  0.2319
  0.2387
  0.2380
  0.2407
  0.2348
  0.2365
  0.2368
  0.2338
  0.2365
  0.2460
  0.2585
  0.2331
  0.2492
  0.2729
  0.2736
  0.2685
  0.2346
  0.2746
  0.2758
  0.2368
  0.2563
  0.2687
  0.2358
  0.2678
  0.2739
  0.2404
  0.2697
  0.2756
  0.2368
  0.2748
  0.2580
  0.2363
  0.2687
  0.2748
  0.2495
  0.2697
  0.2382
  0.2514
  0.2712
  0.2431
  0.2363
  0.2387
  0.2436
  0.2634
  0.2485
  0.2575
  0.2604
  0.2348
  0.2363
  0.2751
  0.2739
  0.2358
  0.2343
  0.2343
  0.2758
  0.2697
  0.2526
  0.2587
  0.2358
  0.2336
  0.2397
  0.2370
  0.2358
  0.2744
  0.2705
  0.2387
  0.2353
  0.2385
  0.2560
  0.2338
  0.2734
  0.2338
  0.2734
  0.2370
  0.2377
  0.2353
  0.2700
  0.2360
  0.2783
  0.2326
  0.2402
  0.2490
  0.2670
  0.2739
  0.2350
  0.2341
  0.2358
  0.2629
  0.2470
  0.2321
  0.2424
  0.2766
  0.2670
  0.2761
  0.2433
  0.2365
  0.2648
  0.2370
  0.2514
  0.2736
  0.2333
  0.2748
  0.2707
  0.2744
  0.2382
  0.2346
  0.2348
  0.2744
  0.2346
  0.2368
  0.2504
  0.2348
  0.2739
  0.2600
  0.2360
  0.2724
  0.2724
  0.2416
  0.2700
  0.2382
  0.2639
  0.2477
  0.2346
  0.2372
  0.2333
  0.2360
  0.2734
  0.2399
  0.2746
  0.2355
  0.2336
  0.2346
  0.2314
  0.2336
  0.2341
  0.2748
  0.2546
  0.2377
  0.2360
  0.2551
  0.2678
  0.2651
  0.2389
  0.2355
  0.2377
  0.2358
  0.2582
  0.2370
  0.2473
  0.2529
  0.2387
  0.2355
  0.2490
  0.2751
  0.2348
  0.2353
  0.2343
  0.2338
  0.2426
  0.2372
  0.2333
  0.2726
  0.2446
  0.2731
  0.2380
  0.2465
  0.2580
  0.2331
  0.2746
  0.2490
  0.2551
  0.2355
  0.2346
  0.2353
  0.2739
  0.2658
  0.2377
  0.2719
  0.2482
  0.2516
  0.2416
  0.2707
  0.2578
  0.2731
  0.2399
  0.2360
  0.2563
  0.2753
  0.2370
  0.2687
  0.2534
  0.2372
  0.2531
  0.2748
  0.2348
  0.2636
  0.2382
  0.2756
  0.2624
  0.2692
  0.2741
  0.2729
  0.2328
  0.2343
  0.2346
  0.2370
  0.2460
  0.2631
  0.2382
  0.2338
  0.2661
  0.2338
  0.2744
  0.2409
  0.2675
  0.2380
  0.2355
  0.2475
  0.2748
  0.2687
  0.2734
  0.2600
  0.2368
  0.2446
  0.2746
  0.2680
  0.2739
  0.2370
  0.2626
  0.2358
  0.2690
  0.2758
  0.2294
  0.2375
  0.2719
  0.2355
  0.2353
  0.2751
  0.2377
  0.2350
  0.2375
  0.2538
  0.2451
  0.2343
  0.2370
  0.2726
  0.2485
  0.2739
  0.2399
  0.2355
  0.2473
  0.2360
  0.2324
  0.2573
  0.2697
  0.2529
  0.2453
  0.2756
  0.2431
  0.2419
  0.2353
  0.2292
  0.2673
  0.2380
  0.2465
  0.2744
  0.2714
  0.2358
  0.2746
  0.2343
  0.2587
  0.2470
  0.2314
  0.2358
  0.2736
  0.2746
  0.2705
  0.2346
  0.2385
  0.2421
  0.2350
  0.2753
  0.2382
  0.2680
  0.2368
  0.2407
  0.2631
  0.2348
  0.2558
  0.2763
  0.2375
  0.2758
  0.2350
  0.2370
  0.2736
  0.2375
  0.2385
  0.2685
  0.2575
  0.2372
  0.2392
  0.2658
  0.2587
  0.2766
  0.2685
  0.2748
  0.2365
  0.2380
  0.2751
  0.2365
  0.2724
  0.2778
  0.2392
  0.2490
  0.2739
  0.2324
  0.2365
  0.2541
  0.2592
  0.2551
  0.2780
  0.2761
  0.2433
  0.2731
  0.2739
  0.2399
  0.2402
  0.2619
  0.2446
  0.2470
  0.2375
  0.2768
  0.2387
  0.2370
  0.2751
  0.2382
  0.2438
  0.2397
  0.2372
  0.2788
  0.2722
  0.2766
  0.2753
  0.2465
  0.2775
  0.2377
  0.2744
  0.2350
  0.2785
  0.2504
  0.2368
  0.2690
  0.2402
  0.2700
  0.2385
  0.2512
  0.2604
  0.2377
  0.2324
  0.2360
  0.2697
  0.2350
  0.2421
  0.2380
  0.2558
  0.2382
  0.2687
  0.2770
  0.2748
  0.2324
  0.2761
  0.2368
  0.2634
  0.2382
  0.2775
  0.2785
  0.2353
  0.2377
  0.2377
  0.2548
  0.2734
  0.2407
  0.2536
  0.2385
  0.2636
  0.2382
  0.2363
  0.2687
  0.2773
  0.2607
  0.2372
  0.2770
  0.2778
  0.2389
  0.2370
  0.2419
  0.2385
  0.2546
  0.2365
  0.2744
  0.2680
  0.2389
  0.2756
  0.2758
  0.2748
  0.2751
  0.2375
  0.2389
  0.2372
  0.2514
  0.2409
  0.2416
  0.2685
  0.2739
  0.2553
  0.2382
  0.2473
  0.2477
  0.2411
  0.2753
  0.2382
  0.2675
  0.2753
  0.2404
  0.2753
  0.2661
  0.2392
  0.2509
  0.2394
  0.2387
  0.2424
  0.2744
  0.2763
  0.2458
  0.2436
  0.2414
  0.2416
  0.2788
  0.2490
  0.2790
  0.2744
  0.2761
  0.2389
  0.2389
  0.2775
  0.2619
  0.2775
  0.2424
  0.2748
  0.2502
  0.2643
  0.2768
  0.2416
  0.2421
  0.2783
  0.2768
  0.2372
  0.2424
  0.2563
  0.2683
  0.2436
  0.2702
  0.2785
  0.2814
  0.2426
  0.2629
  0.2421
  0.2394
  0.2653
  0.2700
  0.2639
  0.2812
  0.2814
  0.2612
  0.2436
  0.2451
  0.2819
  0.2556
  0.2617
  0.2770
  0.2404
  0.2741
  0.2446
  0.2453
  0.2814
  0.2709
  0.2465
  0.2404
  0.2805
  0.2495
  0.2607
  0.2683
  0.2465
  0.2653
  0.2404
  0.2441
  0.2455
  0.2433
  0.2663
  0.2426
  0.2924
  0.2538
  0.2560
  0.2729
  0.2714
  0.2402
  0.2451
  0.2470
  0.2829
  0.2731
  0.2402
  0.2807
  0.2424
  0.2387
  0.2763
  0.2641
  0.2441
  0.2817
  0.2451
  0.2609
  0.2800
  0.2411
  0.2643
  0.2560
  0.2443
  0.2446
  0.2453
  0.2678
  0.2429
  0.2433
  0.2836
  0.2822
  0.2424
  0.2438
  0.2531
  0.2521
  0.2829
  0.2431
  0.2766
  0.2455
  0.2433
  0.2822
  0.2778
  0.2788
  0.2819
  0.2470
  0.2419
  0.2758
  0.2543
  0.2619
  0.2436
  0.2411
  0.2700
  0.2580
  0.2800
  0.2438
  0.2790
  0.2648
  0.2455
  0.2832
  0.2807
  0.2573
  0.2482
  0.2834
  0.2453
  0.2712
  0.2829
  0.2827
  0.2805
  0.2443
  0.2524
  0.2438
  0.2411
  0.2443
  0.2814
  0.2475
  0.2648
  0.2468
  0.2814
  0.2709
  0.2514
  0.2663
  0.2458
  0.2824
  0.2426
  0.2446
  0.2480
  0.2714
  0.2492
  0.2499
  0.2590
  0.2802
  0.2426
  0.2451
  0.2643
  0.2436
  0.2424
  0.2397
  0.2402
  0.2426
  0.2487
  0.2453
  0.2802
  0.2797
  0.2643
  0.2766
  0.2795
  0.2707
  0.2802
  0.2697
  0.2433
  0.2426
  0.2709
  0.2465
  0.2416
  0.2436
  0.2814
  0.2455
  0.2436
  0.2409
  0.2451
  0.2407
  0.2756
  0.2451
  0.2429
  0.2807
  0.2844
  0.2724
  0.2446
  0.2451
  0.2441
  0.2453
  0.2524
  0.2648
  0.2824
  0.2490
  0.2829
  0.2810
  0.2477
  0.2780
  0.2590
  0.2853
  0.2563
  0.2451
  0.2460
  0.2448
  0.2668
  0.2687
  0.2482
  0.2846
  0.2475
  0.2563
  0.2492
  0.2844
  0.2443
  0.2441
  0.2836
  0.2504
  0.2453
  0.2807
  0.2668
  0.2570
  0.2424
  0.2851
  0.2455
  0.2470
  0.2470
  0.2433
  0.2453
  0.2836
  0.2592
  0.2463
  0.2661
  0.2639
  0.2736
  0.2761
  0.2846
  0.2619
  0.2455
  0.2463
  0.2487
  0.2429
  0.2631
  0.2817
  0.2524
  0.2819
  0.2416
  0.2409
  0.2836
  0.2810
  0.2832
  0.2775
  0.2570
  0.2641
  0.2797
  0.2678
  0.2473
  0.2409
  0.2431
  0.2541
  0.2734
  0.2531
  0.2441
  0.2441
  0.2416
  0.2836
  0.2424
  0.2424
  0.2433
  0.2397
  0.2402
  0.2580
  0.2475
  0.2492
  0.2543
  0.2480
  0.2404
  0.2382
  0.2524
  0.2553
  0.2849
  0.2453
  0.2468
  0.2473
  0.2648
  0.2751
  0.2756
  0.2448
  0.2653
  0.2490
  0.2504
  0.2756
  0.2455
  0.2448
  0.2558
  0.2443
  0.2436
  0.2441
  0.2643
  0.2451
  0.2438
  0.2829
  0.2807
  0.2531
  0.2502
  0.2856
  0.2424
  0.2443
  0.2424
  0.2670
  0.2416
  0.2521
  0.2407
  0.2448
  0.2443
  0.2724
  0.2775
  0.2648
  0.2758
  0.2404
  0.2768
  0.2788
  0.2411
  0.2753
  0.2634
  0.2773
  0.2392
  0.2429
  0.2421
  0.2431
  0.2380
  0.2360
  0.2368
  0.2414
  0.2751
  0.2714
  0.2646
  0.2729
  0.2724
  0.2700
  0.2270
  0.2624
  0.2685
  0.2619
  0.2433
  0.2282
  0.2299
  0.2621
  0.2690
  0.2397
  0.2578
  0.2407
  0.2404
  0.2392
  0.2436
  0.2411
  0.2416
  0.2560
  0.2739
  0.2404
  0.2582
  0.2407
  0.2387
  0.2709
  0.2756
  0.2744
  0.2355
  0.2504
  0.2775
  0.2748
  0.2446
  0.2341
  0.2495
  0.2548
  0.2651
  0.2368
  0.2785
  0.2465
  0.2326
  0.2685
  0.2302
  0.2675
  0.2700
  0.2282
  0.2336
  0.2304
  0.2604
  0.2490
  0.2692
  0.2558
  0.2453
  0.2377
  0.2724
  0.2350
  0.2411
  0.2814
  0.2458
  0.2407
  0.2394
  0.2370
  0.2304
  0.2338
  0.2756
  0.2409
  0.2402
  0.2658
  0.2631
  0.2429
  0.2600
  0.2783
  0.2807
  0.2446
  0.2446
  0.2643
  0.2814
  0.2819
  0.2399
  0.2499
  0.2433
  0.2441
  0.2849
  0.2766
  0.2565
  0.2597
  0.2612
  0.2705
  0.2460
  0.2729
  0.2839
  0.2473
  0.2490
  0.2470
  0.2805
  0.2446
  0.2458
  0.2443
  0.2814
  0.2832
  0.2411
  0.2551
  0.2678
  0.2387
  0.2431
  0.2416
  0.2429
  0.2407
  0.2766
  0.2433
  0.2797
  0.2397
  0.2372
  0.2758
  0.2407
  0.2377
  0.2485
  0.2758
  0.2700
  0.2741
  0.2324
  0.2294
  0.2578
  0.2707
  0.2387
  0.2358
  0.2729
  0.2387
  0.2392
  0.2377
  0.2578
  0.2739
  0.2785
  0.2463
  0.2722
  0.2455
  0.2866
  0.2802
  0.2819
  0.2612
  0.2421
  0.2529
  0.2397
  0.2800
  0.2729
  0.2700
  0.2455
  0.2407
  0.2433
  0.2695
  0.2421
  0.2790
  0.2717
  0.2433
  0.2504
  0.2394
  0.2451
  0.2768
  0.2477
  0.2424
  0.2792
  0.2411
  0.2382
  0.2631
  0.2438
  0.2614
  0.2612
  0.2668
  0.2419
  0.2441
  0.2841
  0.2399
  0.2402
  0.2680
  0.2372
  0.2421
  0.2443
  0.2775
  0.2621
  0.2673
  0.2546
  0.2607
  0.2697
  0.2411
  0.2739
  0.2409
  0.2580
  0.2475
  0.2709
  0.2885
  0.2446
  0.2473
  0.2741
  0.2468
  0.2888
  0.2590
  0.2839
  0.2697
  0.2504
  0.2844
  0.2524
  0.2800
  0.2485
  0.2836
  0.2673
  0.2712
  0.2744
  0.2477
  0.2473
  0.2512
  0.2858
  0.2451
  0.2370
  0.2734
  0.2482
  0.2482
  0.2807
  0.2490
  0.2480
  0.2492
  0.2507
  0.2585
  0.2455
  0.2477
  0.2512
  0.2639
  0.2773
  0.2443
  0.2409
  0.2570
  0.2785
  0.2475
  0.2455
  0.2702
  0.2817
  0.2582
  0.2690
  0.2817
  0.2446
  0.2411
  0.2575
  0.2846
  0.2502
  0.2685
  0.2502
  0.2795
  0.2788
  0.2421
  0.2458
  0.2404
  0.2453
  0.2856
  0.2761
  0.2839
  0.2734
  0.2783
  0.2790
  0.2453
  0.2841
  0.2556
  0.2463
  0.2441
  0.2863
  0.2827
  0.2455
  0.2866
  0.2868
  0.2499
  0.2719
  0.2617
  0.2485
  0.2563
  0.2470
  0.2768
  0.2477
  0.2590
  0.2468
  0.2507
  0.2597
  0.2646
  0.2846
  0.2492
  0.2448
  0.2465
  0.2822
  0.2480
  0.2458
  0.2834
  0.2446
  0.2473
  0.2526
  0.2839
  0.2455
  0.2426
  0.2485
  0.2841
  0.2814
  0.2446
  0.2761
  0.2507
  0.2475
  0.2853
  0.2441
  0.2824
  0.2673
  0.2558
  0.2751
  0.2819
  0.2797
  0.2871
  0.2631
  0.2853
  0.2495
  0.2873
  0.2668
  0.2477
  0.2504
  0.2512
  0.2844
  0.2499
  0.2468
  0.2858
  0.2871
  0.2785
  0.2878
  0.2897
  0.2871
  0.2685
  0.2492
  0.2460
  0.2724
  0.2895
  0.2534
  0.2507
  0.2866
  0.2875
  0.2873
  0.2475
  0.2702
  0.2885
  0.2487
  0.2629
  0.2490
  0.2482
  0.2910
  0.2741
  0.2565
  0.2609
  0.2487
  0.2516
  0.2888
  0.2834
  0.2866
  0.2482
  0.2880
  0.2858
  0.2873
  0.2834
  0.2512
  0.2497
  0.2495
  0.2863
  0.2482
  0.2553
  0.2756
  0.2893
  0.2878
  0.2888
  0.2470
  0.2490
  0.2468
  0.2871
  0.2497
  0.2761
  0.2612
  0.2829
  0.2451
  0.2475
  0.2485
  0.2834
  0.2868
  0.2485
  0.2836
  0.2726
  0.2485
  0.2829
  0.2680
  0.2795
  0.2468
  0.2524
  0.2458
  0.2492
  0.2495
  0.2512
  0.2822
  0.2788
  0.2573
  0.2451
  0.2400