0.6899
0.6850
0.6879
0.6877
0.6838
0.6862
0.6862
0.6842
0.6862
0.6850
0.6872
0.6867
0.6864
0.6852
0.6877
0.6872
0.6855
0.6862
0.6847
0.6874
0.6869
0.6842
0.6862
0.6847
0.6847
0.6882
0.6872
0.6869
0.6867
0.6838
0.6857
0.6864
0.6862
0.6864
0.6852
0.6825
0.6842
0.6862
0.6835
0.6833
0.6857
0.6855
0.6823
0.6850
0.6926
0.6847
0.6830
0.6860
0.6806
0.6845
0.6835
0.6821
0.6879
0.6821
0.6840
0.0676
0.0361
0.0103
0.0000
0.0000
0.0000
0.0000
0.0000
0.0000
0.0000
0.0000
0.3700
0.5082
0.5109
0.5099
0.5074
0.5053
0.5065
0.5033
0.5045
0.5031
0.5035
0.5038
0.5043
0.5040
0.5013
0.5018
0.5031
0.5021
0.5006
0.5001
0.5011
0.5023
0.5021
0.5009
0.5021
0.5018
0.5006
0.5031
0.5001
0.5021
0.4996
0.5011
0.5033
0.5001
0.5094
0.5004
0.4991
0.5018
0.4994
0.5013
0.5033
0.5016
0.5018
0.5009
0.5018
0.5018
0.5011
0.4994
0.5001
0.5018
0.5011
0.5004
0.5016
0.4991
0.4994
0.5021
0.5001
0.5009
0.5028
0.5006
0.5004
0.5016
0.5023
0.5013
0.5013
0.4987
0.5001
0.5009
0.5001
0.5011
0.5006
0.4977
0.5004
0.5016
0.5004
0.5004
0.5001
0.5023
0.4991
0.5009
0.5016
0.5006
0.5045
0.5021
0.4994
0.5001
0.4989
0.5013
0.4991
0.5021
0.5016
0.4989
0.5009
0.4991
0.5026
0.5006
0.5004
0.5016
0.5018
0.5009
0.4982
0.4991
0.5001
0.5028
0.5013
0.5021
0.5021
0.5011
0.5011
0.5028
0.5004
0.5004
0.4994
0.4987
0.4994
0.5009
0.5001
0.4972
0.4994
0.5018
0.5038
0.5028
0.4991
0.4962
0.5031
0.5021
0.5011
0.5011
0.5011
0.5023
0.5021
0.5021
0.5009
0.5021
0.5006
0.5013
0.5013
0.4989
0.5016
0.5009
0.5011
0.5009
0.5001
0.5013
0.5013
0.5018
0.5016
0.5018
0.5001
0.5023
0.5006
0.5016
0.5004
0.5021
0.5026
0.5004
0.4994
0.5021
0.5006
0.5013
0.5026
0.5018
0.5023
0.5009
0.5028
0.5011
0.5013
0.5006
0.5021
0.5040
0.5021
0.4996
0.5031
0.5026
0.5001
0.5001
0.5011
0.5006
0.5006
0.4991
0.5021
0.5011
0.5001
0.5004
0.5016
0.5023
0.5011
0.5023
0.5011
0.5028
0.5026
0.5009
0.5028
0.5016
0.5004
0.5016
0.5016
0.5021
0.5013
0.5016
0.5013
0.5023
0.5006
0.4994
0.5004
0.5096
0.5033
0.5021
0.5021
0.5004
0.5011
0.5006
0.5016
0.5011
0.5001
0.5013
0.5021
0.5011
0.7651
0.7560
0.7507
0.7463
0.7392
0.7397
0.7377
0.7341
0.7316
0.7270
0.7260
0.7267
0.7221
0.7209
0.7182
0.7184
0.7138
0.7101
0.7133
0.7116
0.7074
0.7082
0.7082
0.7092
0.7062
0.7062
0.7053
0.7023
0.7023
0.7038
0.7011
0.7001
0.6979
0.6965
0.7023
0.6967
0.6965
0.6962
0.6955
0.6957
0.6955
0.6967
0.6947
0.6906
0.6904
0.6889
0.6916
0.6923
0.6906
0.6908
0.6901
0.6891
0.6901
0.6872
0.6869
0.6891
0.6877
0.6918
0.6862
0.6857
0.6852
0.6869
0.6899
0.6857
0.6840
0.6864
0.6899
0.6813
0.6842
0.6860
0.6857
0.6879
0.6838
0.6867
0.6867
0.6857
0.6860
0.6857
0.6850
0.6842
0.6823
0.6857
0.6850
0.6852
0.6847
0.6847
0.6823
0.6835
0.6879
0.6828
0.6828
0.6825
0.6840
0.6825
0.6840
0.6835
0.6806
0.6838
0.6845
0.6845
0.6835
0.6838
0.6825
0.6850
0.6823
0.6840
0.6821
0.6850
0.6821
0.6852
0.6847
0.6847
0.6838
0.6847
0.6828
0.6818
0.6852
0.6862
0.6840
0.6791
0.6821
0.6860
0.6838
0.6835
0.6833
0.6825
0.6821
0.6806
0.6842
0.6813
0.6825
0.6816
0.6850
0.6821
0.6835
0.6838
0.6784
0.6830
0.6823
0.6855
0.6850
0.6840
0.6842
0.6845
0.6850
0.6803
0.6840
0.6852
0.6808
0.6845
0.6847
0.6808
0.6886
0.6828
0.6828
0.6847
0.6821
0.6830
0.6838
0.6838
0.6864
0.6813
0.6816
0.6850
0.6830
0.6828
0.6825
0.6840
0.6842
0.6821
0.6838
0.6857
0.6850
0.6833
0.6818
0.6850
0.6828
0.6830
0.6821
0.6818
0.6842
0.6828
0.6806
0.6842
0.6833
0.6847
0.6867
0.6864
0.6789
0.6816
0.6823
0.6828
0.6808
0.6808
0.6840
0.6845
0.6838
0.6838
0.6838
0.6828
0.6821
0.6838
0.6823
0.6794
0.6850
0.6818
0.6818
0.6816
0.6840
0.6828
0.6830
0.6818
0.6838
0.6838
0.6825
0.6828
0.6850
0.6833
0.6806
0.6813
0.6821
0.6847
0.6830
0.6838
0.6838
0.6845
0.6813
0.6855
0.0755
0.0386
0.0156
0.0037
0.0000
0.0000
0.0000
0.0000
0.0000
0.0000
0.0000
0.3131
0.5031
0.5126
0.5089
0.5053
0.5055
0.5057
0.5031
0.5031
0.5035
0.5040
0.5023
0.5013
0.5038
0.5023
0.5013
0.5023
0.5023
0.5031
0.5026
0.5009
0.5001
0.5018
0.5031
0.5021
0.5021
0.5006
0.5016
0.5009
0.5011
0.4996
0.5023
0.5018
0.5001
0.5009
0.5023
0.5018
0.5004
0.5023
0.5026
0.5013
0.5026
0.5009
0.5013
0.5001
0.5001
0.4994
0.5011
0.5031
0.5011
0.5006
0.5013
0.4977
0.5021
0.5006
0.5018
0.5021
0.5011
0.5018
0.5004
0.4996
0.5018
0.5026
0.5006
0.5021
0.5004
0.5006
0.5004
0.4979
0.4994
0.5004
0.5011
0.4996
0.5021
0.5013
0.5013
0.4991
0.5004
0.4996
0.5001
0.5016
0.5021
0.5009
0.5013
0.4991
0.5033
0.5006
0.5009
0.5016
0.5021
0.4994
0.5001
0.4989
0.5006
0.5001
0.5006
0.4996
0.5013
0.5018
0.5023
0.5023
0.5023
0.4999
0.5013
0.4991
0.5023
0.5011
0.5001
0.5013
0.5016
0.5004
0.5021
0.4994
0.5021
0.5021
0.5004
0.5004
0.4989
0.5011
0.5011
0.5006
0.5016
0.5043
0.5006
0.4991
0.5009
0.5021
0.5023
0.5018
0.5006
0.5016
0.5031
0.5001
0.5001
0.4991
0.5018
0.5001
0.5004
0.5026
0.5013
0.5016
0.5018
0.5031
0.5021
0.5021
0.5006
0.5026
0.5011
0.5001
0.5011
0.5001
0.5023
0.5021
0.5026
0.5011
0.5006
0.5026
0.4996
0.5006
0.4974
0.5011
0.5033
0.5011
0.5021
0.5001
0.4984
0.5023
0.5023
0.5028
0.4996
0.4994
0.5023
0.5016
0.5018
0.4994
0.5011
0.5011
0.5006
0.5011
0.5013
0.4991
0.4994
0.5004
0.4989
0.5016
0.5013
0.5018
0.5001
0.5023
0.5021
0.5001
0.5001
0.4996
0.5013
0.5021
0.5023
0.5023
0.5011
0.5028
0.5006
0.5016
0.5013
0.4996
0.5006
0.5021
0.4991
0.5001
0.5023
0.5028
0.5011
0.5031
0.5018
0.5006
0.5021
0.5026
0.4989
0.5026
0.5009
0.7661
0.7575
0.7514
0.7487
0.7426
0.7436
0.7392
0.7358
0.7328
0.7302
0.7287
0.7277
0.7277
0.7211
0.7201
0.7211
0.7184
0.7179
0.7160
0.7143
0.7114
0.7140
0.7089
0.7033
0.7084
0.7072
0.7072
0.7062
0.7050
0.7043
0.7023
0.7009
0.7001
0.7021
0.7009
0.6979
0.7011
0.7001
0.6979
0.6974
0.6977
0.6965
0.6965
0.6960
0.6918
0.6955
0.6938
0.6969
0.6940
0.6918
0.6921
0.6918
0.6904
0.6911
0.6969
0.6935
0.6911
0.6935
0.6926
0.6901
0.6908
0.6879
0.6896
0.6928
0.6899
0.6894
0.6864
0.6918
0.6877
0.6869
0.6874
0.6884
0.6860
0.6889
0.6877
0.6899
0.6896
0.6869
0.6869
0.6877
0.6864
0.6916
0.6877
0.6869
0.6867
0.6911
0.6867
0.6867
0.6862
0.6886
0.6864
0.6857
0.6879
0.6840
0.6889
0.6828
0.6896
0.6855
0.6860
0.6864
0.6872
0.6979
0.6889
0.6860
0.6845
0.6855
0.6852
0.6867
0.6855
0.6850
0.6864
0.6852
0.6845
0.6862
0.6842
0.6872
0.6850
0.6913
0.6850
0.6850
0.6867
0.6864
0.6842
0.6874
0.6840
0.6877
0.6855
0.6886
0.6867
0.6850
0.6860
0.6872
0.6869
0.6886
0.6847
0.6877
0.6821
0.6860
0.6860
0.6864
0.6864
0.6860
0.6842
0.6877
0.6852
0.6830
0.6852
0.6838
0.6879
0.6864
0.6850
0.6855
0.6867
0.6869
0.6845
0.6872
0.6850
0.6860
0.6823
0.6879
0.6862
0.6835
0.6862
0.6821
0.6845
0.6850
0.6855
0.6842
0.6833
0.6850
0.6864
0.6852
0.6830
0.6877
0.6867
0.6855
0.6862
0.6857
0.6842
0.6857
0.6879
0.6847
0.6847
0.6838
0.6891
0.6855
0.6852
0.6840
0.6889
0.6830
0.6842
0.6850
0.6847
0.6877
0.6857
0.6838
0.6830
0.6852
0.6850
0.6842
0.6830
0.6862
0.6857
0.6847
0.6872
0.6850
0.6850
0.6864
0.6816
0.6860
0.6845
0.6877
0.6845
0.6855
0.6877
0.6886
0.6879
0.6850
0.6877
0.6860
0.6862
0.6847
0.6852
0.6845
0.6850
0.6852
0.6860
0.6847
0.0860
0.0398
0.0166
0.0000
0.0000
0.0000
0.0000
0.0000
0.0000
0.0000
0.0000
0.2288
0.4977
0.5140
0.5084
0.5082
0.5053
0.5045
0.5031
0.5023
0.5028
0.5031
0.5023
0.5038
0.5040
0.5038
0.5011
0.5033
0.5026
0.5023
0.5013
0.5009
0.5031
0.5009
0.4996
0.5018
0.5013
0.5011
0.5023
0.5001
0.5013
0.5018
0.5033
0.4991
0.5006
0.5021
0.5053
0.5009
0.5035
0.5031
0.5026
0.5006
0.5026
0.5018
0.5021
0.5023
0.5021
0.5013
0.5026
0.5004
0.5040
0.5001
0.5004
0.5026
0.5001
0.5031
0.5018
0.4994
0.5001
0.5006
0.5001
0.4994
0.5021
0.5018
0.5006
0.4994
0.5016
0.4957
0.5026
0.5001
0.5016
0.5006
0.5026
0.4994
0.5018
0.5004
0.5004
0.5021
0.5023
0.5011
0.5006
0.5016
0.5021
0.5011
0.5006
0.5031
0.5023
0.5021
0.5023
0.5009
0.5016
0.5011
0.5016
0.5006
0.5004
0.4984
0.5001
0.5013
0.5033
0.5009
0.5006
0.5026
0.5009
0.5016
0.5001
0.5013
0.5026
0.5021
0.4994
0.5006
0.5023
0.5009
0.5011
0.5011
0.5026
0.5004
0.5006
0.5031
0.5026
0.4994
0.5023
0.5013
0.5013
0.5006
0.5028
0.5035
0.5001
0.5006
0.4994
0.5021
0.4974
0.5033
0.5006
0.5004
0.5026
0.5001
0.5009
0.5021
0.5031
0.5016
0.5021
0.5021
0.5006
0.5009
0.5009
0.5013
0.5004
0.5001
0.5021
0.5011
0.5033
0.5026
0.5016
0.5031
0.5001
0.5023
0.4989
0.5092
0.5023
0.5031
0.5013
0.5001
0.5028
0.5033
0.5035
0.5009
0.5016
0.5004
0.5016
0.5028
0.5033
0.5021
0.5035
0.5031
0.5006
0.5004
0.5013
0.5018
0.5021
0.5004
0.4994
0.5026
0.5001
0.5016
0.5026
0.5031
0.5001
0.5031
0.5023
0.5018
0.5011
0.5018
0.5018
0.5031
0.5033
0.5023
0.5023
0.5023
0.5031
0.5013
0.4994
0.5006
0.5006
0.5028
0.5006
0.5001
0.5013
0.5033
0.5023
0.5006
0.5004
0.5033
0.5006
0.5023
0.5004
0.5006
0.5023
0.4994
0.5001
0.7668
0.7619
0.7538
0.7524
0.7463
0.7436
0.7448
0.7377
0.7370
0.7324
0.7284
0.7304
0.7253
0.7248
0.7214
0.7204
0.7143
0.7179
0.7204
0.7155
0.7158
0.7131
0.7111
0.7092
0.7087
0.7089
0.7101
0.7057
0.7074
0.7035
0.7028
0.7038
0.7009
0.7004
0.7009
0.7023
0.6994
0.7035
0.6994
0.7018
0.6982
0.6982
0.6972
0.6955
0.6967
0.6969
0.6899
0.6945
0.6940
0.6960
0.6955
0.6930
0.6957
0.6930
0.6947
0.6947
0.6926
0.6967
0.6886
0.6908
0.6889
0.6918
0.6891
0.6928
0.6908
0.6904
0.6899
0.6921
0.6916
0.6904
0.6901
0.6877
0.6904
0.6894
0.6889
0.6899
0.6904
0.6886
0.6921
0.6879
0.6886
0.6877
0.6857
0.6882
0.6879
0.6874
0.6901
0.6869
0.6908
0.6867
0.6899
0.6855
0.6882
0.6879
0.6879
0.6877
0.6877
0.6852
0.6882
0.6857
0.6884
0.6860
0.6833
0.6842
0.6864
0.6906
0.6869
0.6860
0.6879
0.6860
0.6872
0.6928
0.6877
0.6869
0.6889
0.6864
0.6877
0.6879
0.6850
0.6872
0.6884
0.6884
0.6877
0.6857
0.6877
0.6838
0.6864
0.6860
0.6855
0.6823
0.6840
0.6896
0.6877
0.6855
0.6879
0.6869
0.6840
0.6889
0.6872
0.6872
0.6867
0.6906
0.6884
0.6904
0.6879
0.6855
0.6842
0.6855
0.6850
0.6862
0.6860
0.6877
0.6855
0.6857
0.6852
0.6882
0.6867
0.6877
0.6860
0.6860
0.6855
0.6882
0.6857
0.6852
0.6869
0.6838
0.6872
0.6845
0.6855
0.6840
0.6869
0.6877
0.6857
0.6864
0.6855
0.6872
0.6864
0.6860
0.6877
0.6835
0.6886
0.6877
0.6847
0.6818
0.6882
0.6877
0.6847
0.6850
0.6891
0.6891
0.6869
0.6852
0.6877
0.6889
0.6867
0.6857
0.6877
0.6855
0.6864
0.6835
0.6877
0.6840
0.6864
0.6864
0.6850
0.6862
0.6877
0.6877
0.6923
0.6901
0.6884
0.6850
0.6862
0.6850
0.6877
0.6867
0.6847
0.6847
0.6886
0.6864
0.6867
0.6852
0.6845
0.6862
0.6842
0.6862
0.6862
0.6891
0.7177
0.0479
0.0217
0.0007
0.0000
0.0000
0.0000
0.0000
0.0000
0.0000
0.0000
0.0000
0.4845
0.5136
0.5121
0.5072
0.5072
0.5065
0.5040
0.5028
0.5033
0.5045
0.5021
0.5028
0.5031
0.5021
0.5033
0.5040
0.5048
0.5016
0.5031
0.5026
0.5031
0.5028
0.5011
0.5023
0.5038
0.5026
0.5021
0.5018
0.5009
0.5023
0.5013
0.5013
0.5031
0.5026
0.5026
0.5004
0.5001
0.5023
0.5004
0.5026
0.5031
0.5013
0.5018
0.5021
0.5016
0.5031
0.5021
0.5009
0.5021
0.5004
0.5026
0.5026
0.5001
0.5011
0.4987
0.5018
0.5001
0.4989
0.5026
0.5033
0.5009
0.5028
0.5023
0.5018
0.5016
0.5035
0.5021
0.5018
0.5001
0.5016
0.5011
0.5001
0.5006
0.5006
0.5004
0.5009
0.5013
0.5006
0.5031
0.5011
0.5023
0.5004
0.5028
0.4989
0.5021
0.5021
0.5011
0.5006
0.5011
0.5018
0.5001
0.5013
0.5016
0.5011
0.5013
0.5040
0.5001
0.5004
0.5023
0.5006
0.5011
0.5021
0.5031
0.5016
0.5001
0.5006
0.5001
0.5006
0.5006
0.5009
0.5011
0.5033
0.5013
0.5001
0.5023
0.5026
0.5018
0.5023
0.5011
0.5006
0.5026
0.4996
0.5021
0.5001
0.5009
0.5013
0.5001
0.5021
0.4994
0.5011
0.5013
0.4994
0.5001
0.5004
0.5018
0.5018
0.5011
0.5011
0.5016
0.5011
0.5033
0.5023
0.4994
0.5021
0.5026
0.5011
0.5004
0.5033
0.5021
0.5026
0.5016
0.5033
0.4991
0.5026
0.5006
0.5021
0.5016
0.5021
0.5033
0.5011
0.4994
0.5023
0.5031
0.4996
0.5006
0.5011
0.5021
0.5021
0.5013
0.5006
0.5031
0.5001
0.5013
0.5006
0.5023
0.5021
0.5009
0.5023
0.5001
0.5018
0.5004
0.5004
0.5011
0.5021
0.5021
0.5023
0.5023
0.5028
0.4994
0.5026
0.5006
0.5016
0.5023
0.5033
0.5006
0.5004
0.5009
0.5004
0.5026
0.5026
0.4999
0.4979
0.5013
0.5001
0.5001
0.5016
0.5011
0.5023
0.5016
0.5023
0.5001
0.5055
0.5028
0.5011
0.5013
0.4996
0.5021
0.7690
0.7602
0.7548
0.7502
0.7463
0.7402
0.7414
0.7338
0.7326
0.7297
0.7287
0.7267
0.7263
0.7238
0.7221
0.7201
0.7209
0.7148
0.7153
0.7140
0.7123
0.7128
0.7101
0.7096
0.7074
0.7057
0.7062
0.7084
0.7031
0.7028
0.7023
0.7031
0.7089
0.7065
0.7013
0.6991
0.6994
0.6996
0.6979
0.6972
0.6979
0.6974
0.6969
0.6955
0.6967
0.6952
0.6982
0.6918
0.6947
0.6955
0.6901
0.6957
0.6945
0.6926
0.6933
0.6906
0.6891
0.6884
0.6891
0.6918
0.6926
0.6894
0.6864
0.6916
0.6899
0.6896
0.6899
0.6882
0.6889
0.6921
0.6894
0.6899
0.6904
0.6869
0.6867
0.6916
0.6891
0.6891
0.6882
0.6869
0.6886
0.6872
0.6908
0.6879
0.6879
0.6877
0.6874
0.6872
0.6889
0.6879
0.6884
0.6889
0.6877
0.6891
0.6872
0.6884
0.6879
0.6891
0.6860
0.6845
0.6862
0.6872
0.6857
0.6845
0.6869
0.6869
0.6860
0.6872
0.6896
0.6867
0.6864
0.6855
0.6901
0.6896
0.6869
0.6864
0.6879
0.6872
0.6830
0.6845
0.6869
0.6847
0.6864
0.6879
0.6867
0.6850
0.6879
0.6828
0.6877
0.6852
0.6862
0.6862
0.6877
0.6860
0.6879
0.6850
0.6838
0.6879
0.6867
0.6872
0.6864
0.6864
0.6847
0.6828
0.6879
0.6872
0.6877
0.6860
0.6867
0.6852
0.6867
0.6869
0.6857
0.6877
0.6857
0.6867
0.6886
0.6886
0.6825
0.6855
0.6874
0.6869
0.6842
0.6882
0.6855
0.6860
0.6877
0.6835
0.6838
0.6891
0.6852
0.6862
0.6879
0.6860
0.6882
0.6850
0.6850
0.6869
0.6801
0.6869
0.6860
0.6845
0.6838
0.6833
0.6867
0.6879
0.6894
0.6847
0.6825
0.6852
0.6845
0.6852
0.6862
0.6847
0.6862
0.6855
0.6838
0.6850
0.6860
0.6850
0.6838
0.6904
0.6877
0.6850
0.6840
0.6864
0.6855
0.6847
0.6855
0.6886
0.6842
0.6840
0.6857
0.6872
0.6840
0.6825
0.6864
0.6896
0.6840
0.6838
0.6852
0.6850
0.6842
0.6850
0.6872
0.6857
0.6960
0.6840
0.6855
0.0469
0.0183
0.0073
0.0000
0.0000
0.0000
0.0000
0.0000
0.0000
0.0000
0.0015
0.4713
0.5150
0.5104
0.5092
0.5048
0.5055
0.5053
0.5033
0.5031
0.5031
0.5021
0.5035
0.5043
0.5013
0.5038
0.5033
0.5023
0.5026
0.5031
0.5033
0.5033
0.5011
0.5033
0.5031
0.5016
0.5028
0.5026
0.5013
0.5028
0.5018
0.5028
0.5018
0.5023
0.5021
0.5013
0.5096
0.5004
0.5013
0.5026
0.5001
0.5023
0.4996
0.5021
0.5031
0.5023
0.5031
0.5013
0.4994
0.5018
0.5004
0.5004
0.5004
0.5021
0.5001
0.5011
0.5026
0.5013
0.5011
0.5018
0.5006
0.5033
0.5001
0.5028
0.5016
0.4994
0.5026
0.5021
0.5031
0.5011
0.5018
0.5001
0.4994
0.5013
0.5006
0.5013
0.5018
0.5031
0.5001
0.4989
0.5004
0.5016
0.5026
0.5006
0.5011
0.5011
0.5001
0.5001
0.5026
0.5011
0.5038
0.5009
0.5026
0.5009
0.5001
0.5009
0.5006
0.5028
0.4994
0.5016
0.5016
0.5001
0.4994
0.5026
0.5004
0.5023
0.5011
0.5009
0.5018
0.5021
0.5026
0.5026
0.5013
0.5023
0.5018
0.5004
0.5023
0.5006
0.5011
0.5021
0.5038
0.5023
0.4994
0.5026
0.4996
0.5021
0.5004
0.5016
0.5053
0.5001
0.5013
0.5013
0.5013
0.5021
0.5013
0.5040
0.5040
0.5035
0.5023
0.5004
0.5001
0.5018
0.5031
0.5021
0.5001
0.5009
0.5013
0.5031
0.5004
0.5026
0.5023
0.5023
0.5028
0.5009
0.5011
0.5013
0.5028
0.5009
0.5011
0.5013
0.5028
0.4994
0.5013
0.5026
0.5028
0.5006
0.5026
0.5018
0.5009
0.5026
0.5011
0.5016
0.5001
0.5023
0.5011
0.5006
0.5016
0.5004
0.5013
0.5031
0.5016
0.5031
0.5011
0.5009
0.5011
0.5013
0.5004
0.4996
0.5004
0.5011
0.5006
0.5016
0.5013
0.5011
0.5021
0.5016
0.5011
0.5035
0.5016
0.4972
0.5016
0.5026
0.5011
0.5013
0.5026
0.5021
0.5016
0.5013
0.4991
0.5001
0.4982
0.5001
0.5023
0.5021
0.5021
0.5028
0.5011
0.4987
0.7726
0.7629
0.7556
0.7495
0.7448
0.7453
0.7407
0.7372
0.7333
0.7326
0.7316
0.7253
0.7250
0.7228
0.7201
0.7199
0.7204
0.7223
0.7131
0.7155
0.7143
0.7153
0.7116
0.7077
0.7084
0.7077
0.7040
0.7045
0.7048
0.7038
0.7033
0.7018
0.7053
0.7011
0.7004
0.6982
0.6972
0.6977
0.6945
0.6974
0.6972
0.6989
0.6967
0.6947
0.6930
0.6933
0.6943
0.6933
0.6967
0.6908
0.6894
0.6943
0.6899
0.6911
0.6921
0.6921
0.6908
0.6906
0.6877
0.6877
0.6904
0.6906
0.6926
0.6896
0.6899
0.6877
0.6872
0.6877
0.6869
0.6877
0.6879
0.6879
0.6884
0.6886
0.6850
0.6882
0.6864
0.6884
0.6862
0.6869
0.6886
0.6886
0.6855
0.6852
0.6840
0.6833
0.6869
0.6860
0.6845
0.6867
0.6877
0.6845
0.6855
0.6833
0.6840
0.6845
0.6872
0.6840
0.6823
0.6860
0.6840
0.6855
0.6845
0.6842
0.6855
0.6850
0.6850
0.6850
0.6847
0.6838
0.6830
0.6860
0.6821
0.6850
0.6845
0.6855
0.6847
0.6845
0.6833
0.6852
0.6938
0.6862
0.6828
0.6850
0.6857
0.6860
0.6830
0.6867
0.6818
0.6840
0.6833
0.6830
0.6830
0.6838
0.6845
0.6852
0.6847
0.6864
0.6847
0.6842
0.6825
0.6838
0.6852
0.6896
0.6828
0.6840
0.6842
0.6842
0.6850
0.6857
0.6850
0.6869
0.6838
0.6833
0.6857
0.6874
0.6847
0.6867
0.6855
0.6872
0.6833
0.6830
0.6838
0.6838
0.6857
0.6850
0.6850
0.6847
0.6855
0.6852
0.6847
0.6838
0.6811
0.6889
0.6842
0.6828
0.6840
0.6862
0.6789
0.6855
0.6847
0.6864
0.6840
0.6828
0.6835
0.6811
0.6857
0.6850
0.6840
0.6838
0.6838
0.6850
0.6867
0.6838
0.6840
0.6857
0.6811
0.6852
0.6869
0.6825
0.6830
0.6838
0.6825
0.6838
0.6840
0.6850
0.6850
0.6852
0.6850
0.6867
0.6840
0.6864
0.6838
0.6838
0.6828
0.6833
0.6842
0.6828
0.6864
0.6862
0.6838
0.6838
0.6840
0.6857
0.6833
0.6847
0.6833
0.6857
0.6830
0.0532
0.0210
0.0085
0.0000
0.0000
0.0000
0.0000
0.0000
0.0000
0.0000
0.0000
0.4466
0.5128
0.5126
0.5084
0.5070
0.5057
0.5040
0.5043
0.5040
0.5023
0.5028
0.5026
0.5040
0.5021
0.5006
0.5031
0.5021
0.5016
0.5004
0.5031
0.5021
0.5021
0.5026
0.5001
0.5031
0.5011
0.5004
0.5021
0.5009
0.5028
0.5018
0.5028
0.5013
0.5021
0.5033
0.4991
0.5004
0.4994
0.5013
0.5031
0.5016
0.5031
0.5011
0.5021
0.5013
0.5016
0.5004
0.5023
0.5004
0.5023
0.5026
0.5011
0.5016
0.5001
0.4984
0.4989
0.5011
0.5011
0.5023
0.5013
0.5026
0.4994
0.5011
0.5018
0.5006
0.5023
0.5011
0.4989
0.5031
0.5023
0.5026
0.5001
0.4989
0.5026
0.5018
0.5001
0.5001
0.4989
0.5004
0.4991
0.5026
0.5001
0.4994
0.5004
0.5021
0.5009
0.5004
0.5016
0.5004
0.5023
0.4989
0.5004
0.5023
0.5021
0.5001
0.5004
0.5013
0.5016
0.5004
0.5013
0.4989
0.5011
0.5009
0.5004
0.5023
0.5009
0.5021
0.5001
0.5009
0.5009
0.5001
0.5018
0.5021
0.5023
0.5031
0.5021
0.5021
0.5018
0.5011
0.4984
0.5016
0.5001
0.5023
0.5011
0.5001
0.5023
0.5011
0.4994
0.5016
0.5031
0.5026
0.5021
0.5016
0.5021
0.5021
0.5004
0.5011
0.5031
0.5001
0.5009
0.5013
0.5016
0.5028
0.5028
0.5006
0.5028
0.5021
0.5013
0.5011
0.5013
0.5011
0.5004
0.5004
0.5009
0.5021
0.5033
0.5004
0.5001
0.5031
0.5026
0.5021
0.5040
0.5026
0.5018
0.5031
0.4972
0.5028
0.5021
0.5006
0.5013
0.5023
0.5021
0.5016
0.5004
0.5021
0.5006
0.5031
0.5026
0.5023
0.5021
0.5033
0.5021
0.5001
0.5016
0.5021
0.5016
0.5013
0.5004
0.4994
0.4991
0.5021
0.5040
0.5009
0.5013
0.5001
0.5031
0.5013
0.5006
0.5009
0.5026
0.5016
0.5009
0.5018
0.5011
0.4989
0.5001
0.5018
0.5021
0.5023
0.5013
0.5011
0.4991
0.4994
0.5116
0.5018
0.5004
0.5006
0.7780
0.7619
0.7541
0.7531
0.7507
0.7407
0.7399
0.7382
0.7326
0.7324
0.7267
0.7275
0.7260
0.7236
0.7199
0.7199
0.7184
0.7170
0.7140
0.7133
0.7096
0.7099
0.7104
0.7094
0.7087
0.7065
0.7057
0.7026
0.7043
0.7050
0.7038
0.6996
0.6987
0.6982
0.6996
0.6987
0.6972
0.6962
0.6974
0.6957
0.6950
0.6989
0.6923
0.6955
0.6943
0.6938
0.6945
0.6935
0.6869
0.6916
0.6908
0.6918
0.6879
0.6882
0.6916
0.6906
0.6896
0.6877
0.6908
0.6916
0.6889
0.6872
0.6860
0.6882
0.6864
0.6874
0.6869
0.6884
0.6845
0.6891
0.6889
0.6857
0.6877
0.6877
0.6855
0.6869
0.6879
0.6889
0.6901
0.6864
0.6869
0.6840
0.6869
0.6882
0.6847
0.6850
0.6862
0.6877
0.6869
0.6850
0.6850
0.6830
0.6850
0.6828
0.6864
0.6845
0.6867
0.6869
0.6855
0.6862
0.6845
0.6825
0.6904
0.6852
0.6855
0.6855
0.6842
0.6847
0.6835
0.6838
0.6847
0.6821
0.6835
0.6845
0.6806
0.6862
0.6838
0.6842
0.6830
0.6855
0.6860
0.6816
0.6850
0.6842
0.6845
0.6879
0.6850
0.6867
0.6852
0.6894
0.6823
0.6869
0.6862
0.6838
0.6842
0.6847
0.6842
0.6838
0.6877
0.6860
0.6850
0.6857
0.6823
0.6825
0.6879
0.6847
0.6847
0.6813
0.6847
0.6842
0.6850
0.6838
0.6847
0.6840
0.6845
0.6830
0.6850
0.6855
0.6838
0.6850
0.6825
0.6818
0.6877
0.6825
0.6835
0.6877
0.6830
0.6821
0.6864
0.6869
0.6855
0.6830
0.6808
0.6833
0.6830
0.6855
0.6840
0.6850
0.6850
0.6852
0.6847
0.6838
0.6847
0.6838
0.6838
0.6835
0.6833
0.6857
0.6838
0.6845
0.6855
0.6806
0.6838
0.6842
0.6855
0.6811
0.6835
0.6811
0.6813
0.6835
0.6847
0.6869
0.6842
0.6855
0.6842
0.6864
0.6864
0.6845
0.6825
0.6847
0.6847
0.6840
0.6830
0.6828
0.6818
0.6830
0.6840
0.6845
0.6835
0.6847
0.6855
0.6850
0.6860
0.6842
0.6857
0.6867
0.6821
0.6830
0.6821
0.0562
0.0271
0.0107
0.0000
0.0000
0.0000
0.0000
0.0000
0.0000
0.0000
0.0000
0.4122
0.5111
0.5111
0.5099
0.5060
0.5055
0.5050
0.5031
0.5040
0.5033
0.5023
0.5016
0.5038
0.5040
0.5016
0.5033
0.5033
0.5011
0.4960
0.5016
0.5016
0.5006
0.5018
0.5031
0.5033
0.4996
0.5033
0.5009
0.5043
0.5016
0.5028
0.5011
0.5026
0.5011
0.4996
0.5016
0.5009
0.5026
0.5009
0.5033
0.5004
0.5033
0.5016
0.5001
0.5006
0.5004
0.5013
0.5001
0.5026
0.5026
0.5004
0.5016
0.5016
0.5011
0.4994
0.5026
0.5040
0.5013
0.5114
0.5013
0.5006
0.5028
0.5001
0.5009
0.5023
0.4994
0.5011
0.5011
0.5016
0.5011
0.5006
0.4989
0.5023
0.4994
0.5004
0.5013
0.5004
0.5021
0.5021
0.4989
0.4989
0.5006
0.5004
0.5004
0.5001
0.5035
0.5001
0.5004
0.5018
0.5001
0.5028
0.4991
0.5021
0.5011
0.5011
0.5021
0.5004
0.5006
0.5013
0.5011
0.5011
0.5011
0.5026
0.5011
0.4994
0.5023
0.5026
0.5040
0.5023
0.5013
0.5016
0.5006
0.5006
0.5001
0.5021
0.5023
0.5004
0.5031
0.5021
0.5001
0.4994
0.5028
0.4979
0.4994
0.4994
0.5001
0.5023
0.5026
0.5033
0.4994
0.5009
0.5023
0.5011
0.5035
0.5013
0.5021
0.5016
0.5009
0.5031
0.5001
0.5004
0.5001
0.5011
0.5040
0.5009
0.4989
0.5001
0.5031
0.5013
0.5023
0.5009
0.5028
0.5016
0.5004
0.5028
0.5013
0.5013
0.4994
0.5021
0.5001
0.5001
0.4979
0.5021
0.5011
0.5001
0.5016
0.5001
0.5001
0.5006
0.4991
0.5016
0.5031
0.5011
0.5013
0.5013
0.5026
0.5018
0.5006
0.5009
0.5031
0.5001
0.5016
0.4991
0.5023
0.5004
0.5021
0.5023
0.5013
0.5016
0.5018
0.5013
0.5016
0.5016
0.5013
0.5018
0.5023
0.5001
0.5016
0.5033
0.5013
0.5018
0.5021
0.5016
0.5001
0.5031
0.5023
0.5011
0.5028
0.5001
0.5006
0.5021
0.5023
0.5006
0.5040
0.5026
0.5021
0.5004
0.7658
0.7624
0.7546
0.7495
0.7465
0.7451
0.7385
0.7370
0.7353
0.7306
0.7309
0.7267
0.7248
0.7214
0.7206
0.7199
0.7177
0.7148
0.7145
0.7131
0.7128
0.7099
0.7074
0.7067
0.7082
0.7033
0.7031
0.7074
0.7055
0.7031
0.7006
0.7021
0.6994
0.7006
0.6972
0.7004
0.6967
0.6972
0.6965
0.6965
0.6967
0.6962
0.6918
0.6935
0.6945
0.6938
0.6930
0.6933
0.6908
0.6928
0.6935
0.6901
0.6896
0.6906
0.6906
0.6891
0.6911
0.6882
0.6860
0.6916
0.6916
0.6894
0.6879
0.6877
0.6913
0.6874
0.6877
0.6889
0.6816
0.6891
0.6864
0.6901
0.6850
0.6879
0.6852
0.6877
0.6867
0.6877
0.6850
0.6862
0.6852
0.6857
0.6864
0.6869
0.6867
0.6845
0.6864
0.6857
0.6867
0.6872
0.6879
0.6860
0.6867
0.6877
0.6828
0.6889
0.6891
0.6867
0.6862
0.6847
0.6852
0.6896
0.6830
0.6852
0.6838
0.6816
0.6852
0.6852
0.6830
0.6867
0.6852
0.6842
0.6855
0.6828
0.6867
0.6855
0.6838
0.6869
0.6869
0.6811
0.6828
0.6867
0.6847
0.6838
0.6828
0.6840
0.6842
0.6811
0.6840
0.6838
0.6850
0.6847
0.6823
0.6860
0.6845
0.6835
0.6877
0.6852
0.6857
0.6850
0.6808
0.6842
0.6840
0.6850
0.6830
0.6850
0.6823
0.6852
0.6857
0.6806
0.6823
0.6828
0.6850
0.6833
0.6845
0.6833
0.6833
0.6818
0.6850
0.6835
0.6845
0.6855
0.6845
0.6830
0.6823
0.6828
0.6864
0.6830
0.6833
0.6830
0.6842
0.6842
0.6847
0.6867
0.6825
0.6857
0.6842
0.6867
0.6828
0.6833
0.6862
0.6830
0.6799
0.6840
0.6835
0.6850
0.6838
0.6857
0.6847
0.6845
0.6852
0.6842
0.6847
0.6840
0.6850
0.6855
0.6850
0.6842
0.6840
0.6860
0.6847
0.6838
0.6847
0.6842
0.6840
0.6825
0.6840
0.6842
0.6862
0.6847
0.6830
0.6838
0.6847
0.6842
0.6806
0.6835
0.6845
0.6850
0.6869
0.6850
0.6869
0.6840
0.6825
0.6869
0.6850
0.6845
0.6842
0.6838
0.6886
0.0652
0.0283
0.0088
0.0010
0.0000
0.0000
0.0000
0.0000
0.0000
0.0000
0.0000
0.3670
0.5082
0.5145
0.5079
0.5072
0.5048
0.5009
0.5040
0.5055
0.5018
0.5033
0.5045
0.5043
0.5040
0.5006
0.5026
0.5016
0.5031
0.5023
0.5026
0.5033
0.5026
0.5026
0.5023
0.5013
0.5006
0.5013
0.5016
0.5016
0.5018
0.5031
0.5031
0.5006
0.5023
0.5016
0.4991
0.5006
0.5006
0.5026
0.5021
0.5016
0.5013
0.5001
0.5021
0.5013
0.5035
0.5023
0.5021
0.5026
0.4913
0.5001
0.5023
0.5021
0.5067
0.5001
0.5004
0.5018
0.5004
0.5018
0.5011
0.5016
0.5013
0.5006
0.5016
0.5021
0.5038
0.5026
0.5023
0.5001
0.5031
0.5018
0.5028
0.5013
0.5031
0.5021
0.5001
0.5018
0.5001
0.5001
0.5006
0.5016
0.5016
0.5001
0.5006
0.5023
0.5021
0.5018
0.5026
0.5004
0.5026
0.5009
0.4994
0.5009
0.5023
0.5013
0.5001
0.5018
0.5011
0.5001
0.5009
0.5023
0.5013
0.5021
0.5004
0.4994
0.5011
0.5016
0.5026
0.5009
0.5033
0.4994
0.5013
0.5026
0.5001
0.5004
0.5026
0.5021
0.5016
0.5023
0.5001
0.5023
0.5009
0.4991
0.5013
0.5004
0.5016
0.5011
0.5009
0.5013
0.5018
0.5026
0.5021
0.5009
0.5031
0.4994
0.5021
0.5031
0.5013
0.5011
0.5023
0.5023
0.5009
0.5031
0.5016
0.5009
0.5013
0.5021
0.5004
0.4994
0.5009
0.5011
0.5023
0.5021
0.5016
0.5023
0.5023
0.4991
0.5011
0.5011
0.5006
0.5006
0.5006
0.5023
0.5035
0.5004
0.5006
0.4991
0.5004
0.5013
0.5009
0.5021
0.5001
0.5013
0.5011
0.5026
0.5023
0.5009
0.5023
0.5016
0.5009
0.5011
0.5009
0.5031
0.5026
0.4996
0.5001
0.5018
0.5023
0.5001
0.5031
0.5021
0.5011
0.5013
0.5009
0.5001
0.5009
0.5016
0.4996
0.5016
0.5004
0.5021
0.5006
0.5026
0.5021
0.5011
0.5004
0.5009
0.5013
0.5001
0.5021
0.5001
0.4991
0.5026
0.5026
0.5011
0.5023
0.5028
0.5026
0.7634
0.7578
0.7509
0.7487
0.7436
0.7424
0.7353
0.7358
0.7336
0.7287
0.7284
0.7263
0.7243
0.7226
0.7192
0.7204
0.7170
0.7138
0.7133
0.7126
0.7092
0.7104
0.7094
0.7048
0.7094
0.7055
0.7013
0.7038
0.7033
0.7053
0.7001
0.7004
0.6974
0.6982
0.7011
0.6935
0.6972
0.6967
0.6962
0.6928
0.6933
0.6969
0.6957
0.6945
0.6935
0.6896
0.6916
0.6926
0.6918
0.6906
0.6921
0.6908
0.6908
0.6886
0.6899
0.6877
0.6886
0.6899
0.6889
0.6928
0.6894
0.6904
0.6884
0.6855
0.6886
0.6886
0.6908
0.6877
0.6867
0.6855
0.6886
0.6860
0.6891
0.6867
0.6855
0.6855
0.6842
0.6860
0.6869
0.6857
0.6867
0.6877
0.6852
0.6835
0.6857
0.6879
0.6877
0.6852
0.6850
0.6842
0.6860
0.6833
0.6855
0.6869
0.6847
0.6869
0.6845
0.6850
0.6833
0.6847
0.6860
0.6845
0.6838
0.6850
0.6847
0.6833
0.6877
0.6852
0.6828
0.6867
0.6845
0.6852
0.6842
0.6864
0.6833
0.6857
0.6840
0.6842
0.6842
0.6847
0.6777
0.6847
0.6830
0.6857
0.6840
0.6816
0.6842
0.6864
0.6847
0.6823
0.6845
0.6860
0.6847
0.6833
0.6823
0.6852
0.6842
0.6864
0.6850
0.6830
0.6821
0.6823
0.6835
0.6838
0.6838
0.6838
0.6828
0.6847
0.6828
0.6823
0.6845
0.6818
0.6816
0.6823
0.6835
0.6855
0.6852
0.6857
0.6852
0.6835
0.6840
0.6857
0.6857
0.6845
0.6850
0.6860
0.6850
0.6872
0.6825
0.6838
0.6833
0.6852
0.6842
0.6821
0.6825
0.6840
0.6838
0.6825
0.6847
0.6840
0.6821
0.6840
0.6840
0.6855
0.6864
0.6825
0.6842
0.6874
0.6840
0.6857
0.6845
0.6842
0.6860
0.6847
0.6840
0.6840
0.6818
0.6828
0.6845
0.6850
0.6828
0.6845
0.6840
0.6845
0.6823
0.6874
0.6840
0.6842
0.6852
0.6833
0.6847
0.6833
0.6828
0.6825
0.6830
0.6779
0.6886
0.6857
0.6833
0.6813
0.6852
0.6857
0.6821
0.6833
0.6842
0.6840
0.6862
0.6823
0.0696
0.0357
0.0112
0.0000
0.0000
0.0000
0.0000
0.0000
0.0000
0.0000
0.0000
0.3109
0.5035
0.5131
0.5079
0.5053
0.5065
0.5060
0.5028
0.5031
0.5050
0.5043
0.5050
0.5018
0.5018
0.5040
0.5021
0.5028
0.5033
0.5001
0.5028
0.5023
0.5013
0.5021
0.5031
0.5026
0.5023
0.5026
0.5006
0.5006
0.5009
0.5013
0.5001
0.5038
0.5013
0.5016
0.5001
0.4994
0.4996
0.5026
0.5006
0.5001
0.5016
0.5011
0.5031
0.5018
0.4979
0.5011
0.5021
0.5001
0.5011
0.5006
0.5013
0.5011
0.5026
0.5021
0.5031
0.5018
0.5050
0.5001
0.5021
0.5021
0.4994
0.5004
0.5021
0.5033
0.5001
0.5006
0.5033
0.4996
0.5006
0.5021
0.5018
0.5006
0.5004
0.5001
0.5011
0.5026
0.5011
0.5018
0.5021
0.4994
0.5004
0.5006
0.4977
0.4991
0.5006
0.4989
0.4994
0.4996
0.5035
0.5004
0.5013
0.5001
0.5001
0.5018
0.5028
0.5009
0.4989
0.4996
0.5001
0.5023
0.5033
0.5023
0.5023
0.5023
0.5004
0.5006
0.5006
0.4987
0.5001
0.5021
0.4994
0.4991
0.5011
0.5004
0.5016
0.5013
0.5011
0.5004
0.5004
0.5011
0.5021
0.5004
0.5018
0.5021
0.5016
0.5011
0.5021
0.5013
0.5021
0.5026
0.4994
0.5001
0.5004
0.5013
0.5018
0.5033
0.5006
0.5018
0.5021
0.5021
0.5013
0.5023
0.5028
0.5004
0.5009
0.5023
0.5001
0.5026
0.5004
0.5006
0.5026
0.5001
0.5026
0.5021
0.5013
0.5018
0.5031
0.5023
0.5031
0.5001
0.5016
0.4984
0.5028
0.5026
0.5021
0.5013
0.5006
0.5009
0.5031
0.5006
0.4994
0.5028
0.5013
0.5023
0.5026
0.5021
0.5026
0.4989
0.5023
0.5028
0.5021
0.5021
0.5021
0.5009
0.5021
0.5035
0.5011
0.5006
0.5011
0.5021
0.5006
0.4996
0.5040
0.5009
0.5018
0.5021
0.5001
0.5028
0.5035
0.5013
0.4994
0.5004
0.5013
0.5050
0.5021
0.5011
0.5004
0.5001
0.5021
0.4996
0.5028
0.4989
0.5011
0.5021
0.5004
0.5021
0.5004
0.7697
0.7560
0.7529
0.7497
0.7443
0.7446
0.7402
0.7355
0.7319
0.7321
0.7280
0.7277
0.7275
0.7189
0.7226
0.7189
0.7172
0.7162
0.7143
0.7140
0.7106
0.7131
0.7094
0.7074
0.7072
0.7053
0.7060
0.7026
0.7048
0.7033
0.7021
0.7026
0.6999
0.7001
0.6987
0.6987
0.6987
0.6962
0.6904
0.6987
0.6962
0.6930
0.6947
0.6938
0.6926
0.6945
0.6962
0.6926
0.6901
0.6908
0.6913
0.6904
0.6899
0.6913
0.6901
0.6947
0.6891
0.6891
0.6889
0.6891
0.6896
0.6916
0.6879
0.6889
0.6886
0.6884
0.6882
0.6877
0.6879
0.6884
0.6891
0.6867
0.6879
0.6877
0.6860
0.6867
0.6845
0.6845
0.6869
0.6867
0.6874
0.6850
0.6864
0.6869
0.6899
0.6845
0.6828
0.6845
0.6847
0.6864
0.6874
0.6842
0.6857
0.6852
0.6823
0.6896
0.6860
0.6852
0.6847
0.6857
0.6830
0.6842
0.6842
0.6884
0.6835
0.6857
0.6864
0.6828
0.6860
0.6821
0.6840
0.6862
0.6838
0.6830
0.6877
0.6830
0.6860
0.6840
0.6855
0.6864
0.6835
0.6835
0.6852
0.6857
0.6801
0.6838
0.6852
0.6845
0.6825
0.6823
0.6842
0.6852
0.6835
0.6823
0.6857
0.6860
0.6830
0.6825
0.6842
0.6852
0.6838
0.6833
0.6840
0.6821
0.6830
0.6801
0.6847
0.6821
0.6847
0.6877
0.6857
0.6850
0.6823
0.6860
0.6855
0.6818
0.6855
0.6852
0.6838
0.6852
0.6852
0.6842
0.6838
0.6855
0.6838
0.6818
0.6821
0.6850
0.6825
0.6840
0.6830
0.6840
0.6803
0.6840
0.6850
0.6845
0.6855
0.6855
0.6852
0.6850
0.6860
0.6842
0.6862
0.6830
0.6830
0.6840
0.6823
0.6821
0.6838
0.6847
0.6823
0.6845
0.6821
0.6852
0.6828
0.6830
0.6840
0.6845
0.6840
0.6860
0.6847
0.6842
0.6835
0.6818
0.6833
0.6860
0.6869
0.6838
0.6823
0.6833
0.6825
0.6847
0.6838
0.6833
0.6828
0.6840
0.6850
0.6850
0.6847
0.6845
0.6833
0.6821
0.6803
0.6845
0.6806
0.6828
0.6845
0.6840
0.0828
0.0322
0.0132
0.0017
0.0000
0.0000
0.0000
0.0000
0.0000
0.0000
0.0000
0.1492
0.4952
0.5131
0.5118
0.5082
0.5062
0.5055
0.5043
0.5053
0.5048
0.5035
0.5023
0.5033
0.5028
0.5033
0.5013
0.5031
0.5018
0.5031
0.5011
0.5013
0.5031
0.4979
0.5028
0.5018
0.5021
0.5004
0.5013
0.4965
0.5050
0.5023
0.5028
0.5006
0.5028
0.5011
0.5001
0.5018
0.5018
0.5021
0.5050
0.5009
0.5011
0.5009
0.5109
0.5016
0.5013
0.5031
0.5031
0.5016
0.5021
0.5006
0.5021
0.5001
0.5016
0.5021
0.5013
0.5009
0.5021
0.5001
0.5006
0.5033
0.5011
0.5013
0.5004
0.5021
0.5006
0.5016
0.5013
0.5001
0.5043
0.5023
0.5013
0.5013
0.4979
0.5023
0.5004
0.5001
0.5001
0.5011
0.5006
0.5001
0.5001
0.4996
0.5001
0.5001
0.4984
0.5031
0.5001
0.5023
0.4994
0.5031
0.5013
0.5009
0.5001
0.5006
0.5021
0.5011
0.5013
0.5060
0.5021
0.4991
0.4989
0.5013
0.4994
0.5009
0.5021
0.5009
0.5006
0.5013
0.5009
0.5009
0.4996
0.4994
0.5006
0.5021
0.5026
0.5001
0.5033
0.5013
0.5018
0.5016
0.5011
0.5028
0.5001
0.5011
0.5009
0.5016
0.4979
0.5004
0.4991
0.5021
0.4996
0.5001
0.5011
0.5021
0.5016
0.4996
0.5001
0.5031
0.5035
0.5016
0.5011
0.5006
0.5013
0.5009
0.5006
0.5011
0.5018
0.5009
0.5023
0.4991
0.5011
0.5001
0.5016
0.5018
0.5026
0.5031
0.5009
0.5001
0.5026
0.4991
0.5023
0.5021
0.5013
0.5021
0.4965
0.5001
0.5021
0.5016
0.5011
0.5031
0.5021
0.4987
0.5013
0.5009
0.5001
0.5016
0.5026
0.5004
0.5011
0.5009
0.5006
0.5028
0.5011
0.5009
0.5004
0.5004
0.5031
0.5011
0.5001
0.5011
0.5013
0.5006
0.5004
0.4996
0.5021
0.5021
0.5023
0.5001
0.5021
0.5023
0.5021
0.5018
0.5006
0.5018
0.5023
0.5001
0.5043
0.5021
0.5031
0.5018
0.5013
0.5013
0.5021
0.5011
0.4989
0.5023
0.4994
0.7695
0.7602
0.7509
0.7455
0.7477
0.7421
0.7375
0.7346
0.7309
0.7309
0.7294
0.7245
0.7265
0.7201
0.7172
0.7216
0.7158
0.7162
0.7167
0.7131
0.7101
0.7106
0.7114
0.7062
0.7055
0.7065
0.7038
0.7038
0.7026
0.7055
0.6994
0.6999
0.7004
0.7004
0.6967
0.6987
0.7004
0.6955
0.6947
0.6962
0.6960
0.6967
0.6947
0.6967
0.6943
0.6921
0.6918
0.6923
0.6911
0.6894
0.6891
0.6908
0.6938
0.6916
0.6921
0.6926
0.6899
0.6906
0.6879
0.6855
0.6899
0.6877
0.6896
0.6896
0.6879
0.6894
0.6867
0.6850
0.6894
0.6877
0.6864
0.6855
0.6833
0.6901
0.6864
0.6845
0.6869
0.6869
0.6884
0.6867
0.6877
0.6862
0.6850
0.6845
0.6860
0.6867
0.6862
0.6882
0.6838
0.6862
0.6838
0.6845
0.6896
0.6884
0.6860
0.6852
0.6899
0.6862
0.6840
0.6823
0.6842
0.6833
0.6847
0.6808
0.6840
0.6845
0.6845
0.6867
0.6840
0.6864
0.6808
0.6864
0.6867
0.6828
0.6830
0.6850
0.6840
0.6847
0.6835
0.6864
0.6838
0.6833
0.6845
0.6830
0.6842
0.6838
0.6864
0.6862
0.6855
0.6852
0.6830
0.6874
0.6862
0.6862
0.6847
0.6845
0.6869
0.6850
0.6828
0.6833
0.6855
0.6816
0.6821
0.6864
0.6842
0.6928
0.6830
0.6818
0.6860
0.6852
0.6855
0.6845
0.6840
0.6840
0.6855
0.6855
0.6847
0.6840
0.6840
0.6842
0.6823
0.6852
0.6821
0.6855
0.6847
0.6830
0.6879
0.6835
0.6840
0.6828
0.6830
0.6864
0.6816
0.6833
0.6886
0.6811
0.6852
0.6821
0.6840
0.6847
0.6845
0.6842
0.6821
0.6840
0.6850
0.6828
0.6825
0.6828
0.6845
0.6833
0.6830
0.6891
0.6850
0.6818
0.6847
0.6835
0.6828
0.6816
0.6813
0.6860
0.6830
0.6847
0.6825
0.6886
0.6864
0.6850
0.6860
0.6840
0.6842
0.6830
0.6845
0.6828
0.6833
0.6847
0.6840
0.6828
0.6833
0.6823
0.6830
0.6855
0.6828
0.6830
0.6860
0.6840
0.6833
0.6852
0.6835
0.6835
0.6835
0.0452
0.0166
0.0034
0.0000
0.0000
0.0000
0.0000
0.0000
0.0000
0.0000
0.0010
0.4845
0.5143
0.5087
0.5070
0.5043
0.5038
0.5050
0.5033
0.5023
0.4965
0.5013
0.5040
0.5023
0.5043
0.5023
0.5023
0.5035
0.5031
0.5028
0.5035
0.5031
0.5040
0.5031
0.5028
0.5011
0.5031
0.5033
0.5021
0.5033
0.5021
0.5026
0.5016
0.5009
0.5009
0.5031
0.5001
0.5018
0.5021
0.5023
0.5004
0.4987
0.5018
0.5016
0.5021
0.5018
0.5016
0.5021
0.5004
0.5016
0.5021
0.5031
0.5011
0.5031
0.5016
0.5021
0.5021
0.5018
0.5013
0.5023
0.5021
0.5031
0.5021
0.4994
0.4996
0.5011
0.5018
0.5021
0.4991
0.5006
0.5004
0.5021
0.4994
0.5013
0.5004
0.5016
0.5004
0.5009
0.5035
0.5004
0.5009
0.5016
0.5021
0.5011
0.5018
0.4994
0.5001
0.4991
0.5004
0.5031
0.4989
0.5028
0.5011
0.5016
0.5004
0.5006
0.5021
0.5006
0.4989
0.5023
0.4987
0.5011
0.5016
0.4996
0.5016
0.5006
0.5026
0.5033
0.5026
0.5011
0.5013
0.5033
0.5001
0.5023
0.5013
0.5023
0.5023
0.5004
0.5028
0.5023
0.5021
0.5053
0.4991
0.5021
0.5018
0.4994
0.5001
0.5001
0.5006
0.5011
0.5013
0.5004
0.5013
0.5016
0.5011
0.5021
0.5035
0.5031
0.5026
0.5028
0.4994
0.5026
0.5011
0.4999
0.5018
0.5004
0.5006
0.5011
0.5021
0.5023
0.5021
0.4989
0.5001
0.5013
0.5026
0.5001
0.5018
0.5028
0.5016
0.5023
0.5021
0.5001
0.5021
0.5004
0.5033
0.5013
0.5026
0.5016
0.5013
0.5033
0.5013
0.5023
0.5001
0.5023
0.5011
0.5018
0.5021
0.5021
0.5001
0.5021
0.5028
0.5021
0.5001
0.5009
0.5011
0.5070
0.5021
0.5021
0.5023
0.5028
0.5026
0.5011
0.4989
0.4989
0.5021
0.5001
0.5009
0.5021
0.5001
0.5013
0.5043
0.5021
0.5009
0.5021
0.5016
0.5028
0.5001
0.5021
0.5016
0.4996
0.5001
0.5006
0.5023
0.4989
0.5021
0.5009
0.5021
0.5013
0.7658
0.7612
0.7560
0.7487
0.7451
0.7409
0.7399
0.7355
0.7348
0.7324
0.7284
0.7267
0.7241
0.7199
0.7221
0.7182
0.7184
0.7165
0.7148
0.7155
0.7099
0.7101
0.7055
0.7089
0.7079
0.7023
0.7038
0.7028
0.7043
0.7011
0.6996
0.7001
0.6996
0.6996
0.6989
0.7011
0.6977
0.6972
0.6952
0.6947
0.6960
0.6945
0.6918
0.6913
0.6965
0.6918
0.6916
0.6908
0.6928
0.6891
0.6906
0.6911
0.6916
0.6899
0.6894
0.6908
0.6886
0.6855
0.6874
0.6879
0.6886
0.6860
0.6899
0.6901
0.6904
0.6882
0.6879
0.6850
0.6864
0.6857
0.6867
0.6877
0.6838
0.6845
0.6850
0.6889
0.6860
0.6855
0.6850
0.6845
0.6838
0.6850
0.6842
0.6845
0.6860
0.6852
0.6864
0.6808
0.6823
0.6838
0.6860
0.6838
0.6852
0.6857
0.6847
0.6833
0.6850
0.6835
0.6840
0.6838
0.6821
0.6877
0.6786
0.6823
0.6850
0.6840
0.6852
0.6850
0.6840
0.6835
0.6857
0.6833
0.6840
0.6833
0.6816
0.6847
0.6825
0.6847
0.6857
0.6852
0.6830
0.6830
0.6835
0.6813
0.6830
0.6840
0.6840
0.6830
0.6830
0.6847
0.6840
0.6828
0.6828
0.6796
0.6847
0.6842
0.6828
0.6867
0.6825
0.6845
0.6830
0.6852
0.6806
0.6830
0.6857
0.6833
0.6840
0.6867
0.6882
0.6838
0.6821
0.6828
0.6799
0.6840
0.6835
0.6823
0.6891
0.6864
0.6838
0.6823
0.6845
0.6840
0.6816
0.6784
0.6830
0.6850
0.6818
0.6816
0.6828
0.6806
0.6850
0.6840
0.6840
0.6842
0.6821
0.6830
0.6840
0.6833
0.6838
0.6845
0.6850
0.6823
0.6830
0.6847
0.6896
0.6838
0.6850
0.6862
0.6857
0.6842
0.6862
0.6840
0.6808
0.6857
0.6813
0.6823
0.6847
0.6816
0.6838
0.6828
0.6835
0.6840
0.6840
0.6838
0.6823
0.6852
0.6806
0.6860
0.6838
0.6835
0.6838
0.6838
0.6855
0.6842
0.6828
0.6838
0.6847
0.6847
0.6828
0.6840
0.6850
0.6803
0.6847
0.6830
0.6825
0.6838
0.6845
0.6811
0.6869
0.0427
0.0181
0.0039
0.0000
0.0000
0.0000
0.0000
0.0000
0.0000
0.0000
0.0015
0.4703
0.5126
0.5138
0.5062
0.5079
0.5040
0.5057
0.5031
0.5040
0.5035
0.5028
0.5033
0.5033
0.5040
0.5033
0.5021
0.5031
0.5021
0.5048
0.5031
0.5013
0.5028
0.5009
0.5013
0.5013
0.5031
0.5006
0.5023
0.5004
0.5053
0.5023
0.5009
0.5004
0.5028
0.5023
0.5018
0.5016
0.5006
0.5023
0.5013
0.5004
0.5136
0.5011
0.5001
0.5009
0.5021
0.5018
0.5031
0.5006
0.5018
0.5004
0.5013
0.5031
0.5013
0.5021
0.5001
0.5128
0.5009
0.5028
0.4996
0.5023
0.4996
0.4996
0.5013
0.5001
0.5011
0.4996
0.5021
0.5016
0.5021
0.5011
0.5006
0.4991
0.5031
0.5021
0.5006
0.4994
0.5013
0.5028
0.5018
0.5026
0.5018
0.5016
0.5001
0.5001
0.5011
0.5021
0.5004
0.4996
0.5004
0.5001
0.5009
0.5021
0.5023
0.4994
0.5028
0.5006
0.4991
0.5011
0.5018
0.5040
0.5028
0.5004
0.5021
0.5031
0.4991
0.5011
0.5011
0.5016
0.5023
0.5001
0.5021
0.5001
0.5043
0.5026
0.5023
0.5013
0.5009
0.5026
0.5028
0.5001
0.5001
0.5018
0.5011
0.5009
0.5021
0.5006
0.5009
0.5011
0.5011
0.4989
0.5001
0.4994
0.5006
0.5035
0.4991
0.5026
0.5004
0.5026
0.5013
0.5026
0.5031
0.5040
0.5028
0.5006
0.5001
0.5023
0.5001
0.5004
0.5001
0.4974
0.5011
0.5011
0.4989
0.5018
0.5011
0.5004
0.5009
0.5028
0.5016
0.5033
0.5031
0.5023
0.5001
0.5026
0.5013
0.4989
0.5004
0.5006
0.5011
0.5021
0.5001
0.5018
0.5033
0.5018
0.5016
0.5001
0.5013
0.5023
0.5016
0.5006
0.5021
0.5004
0.5011
0.5004
0.4996
0.5018
0.5018
0.5023
0.5016
0.5004
0.5026
0.5006
0.5023
0.4994
0.5021
0.4987
0.5009
0.5013
0.5023
0.5023
0.5011
0.5006
0.5023
0.5006
0.5004
0.5021
0.5013
0.5011
0.4962
0.5016
0.5004
0.5023
0.4989
0.5023
0.5006
0.5001
0.7736
0.7619
0.7565
0.7516
0.7451
0.7407
0.7399
0.7375
0.7355
0.7321
0.7294
0.7270
0.7245
0.7216
0.7221
0.7162
0.7182
0.7158
0.7160
0.7148
0.7126
0.7136
0.7079
0.7087
0.7067
0.7035
0.7045
0.7045
0.7006
0.7016
0.7023
0.6977
0.7009
0.6984
0.6996
0.6984
0.6940
0.6950
0.6950
0.6960
0.6938
0.6935
0.6940
0.6923
0.6918
0.6926
0.6930
0.6928
0.6904
0.6908
0.6908
0.6908
0.6916
0.6891
0.6884
0.6896
0.6889
0.6830
0.6864
0.6911
0.6886
0.6877
0.6860
0.6857
0.6869
0.6872
0.6860
0.6882
0.6899
0.6860
0.6864
0.6869
0.6855
0.6874
0.6852
0.6850
0.6852
0.6842
0.6850
0.6877
0.6850
0.6855
0.6860
0.6860
0.6855
0.6835
0.6862
0.6838
0.6840
0.6864
0.6869
0.6821
0.6830
0.6860
0.6830
0.6869
0.6847
0.6857
0.6862
0.6850
0.6845
0.6850
0.6850
0.6830
0.6840
0.6821
0.6835
0.6835
0.6864
0.6855
0.6850
0.6845
0.6830
0.6862
0.6821
0.6830
0.6869
0.6838
0.6840
0.6855
0.6847
0.6850
0.6842
0.6835
0.6830
0.6850
0.6821
0.6818
0.6838
0.6842
0.6838
0.6833
0.6842
0.6828
0.6816
0.6823
0.6850
0.6835
0.6833
0.6867
0.6855
0.6874
0.6835
0.6840
0.6864
0.6850
0.6821
0.6862
0.6845
0.6825
0.6845
0.6825
0.6811
0.6847
0.6835
0.6872
0.6840
0.6830
0.6852
0.6847
0.6828
0.6838
0.6825
0.6842
0.6830
0.6847
0.6825
0.6821
0.6842
0.6842
0.6845
0.6828
0.6818
0.6842
0.6813
0.6850
0.6838
0.6833
0.6811
0.6850
0.6845
0.6838
0.6828
0.6813
0.6818
0.6847
0.6823
0.6852
0.6803
0.6830
0.6847
0.6840
0.6850
0.6828
0.6862
0.6823
0.6823
0.6823
0.6840
0.6864
0.6828
0.6818
0.6813
0.6828
0.6840
0.6830
0.6838
0.6847
0.6825
0.6855
0.6845
0.6830
0.6816
0.6808
0.6847
0.6801
0.6847
0.6862
0.6874
0.6847
0.6833
0.6864
0.6830
0.6857
0.6838
0.6755
0.6838
0.6830
0.6813
0.0476
0.0244
0.0078
0.0000
0.0000
0.0000
0.0000
0.0000
0.0000
0.0000
0.0000
0.4479
0.5114
0.5126
0.5072
0.5079
0.5048
0.5035
0.5040
0.5026
0.5026
0.5031
0.5040
0.5023
0.5040
0.5043
0.5011
0.5023
0.5031
0.5016
0.5040
0.5011
0.5011
0.5016
0.5023
0.4972
0.5006
0.5018
0.5009
0.5031
0.5013
0.5031
0.4996
0.5009
0.5040
0.5021
0.5001
0.5026
0.5021
0.5001
0.5013
0.5016
0.5021
0.4994
0.5006
0.5011
0.4965
0.5033
0.5023
0.5004
0.5021
0.5006
0.5013
0.5016
0.5004
0.5001
0.5013
0.5021
0.5011
0.5021
0.5031
0.5013
0.5004
0.5006
0.5016
0.5001
0.5006
0.5031
0.5004
0.4994
0.5001
0.5026
0.5023
0.5021
0.4996
0.5001
0.5016
0.5021
0.5028
0.5011
0.5031
0.5004
0.5006
0.5009
0.5023
0.4984
0.5006
0.5033
0.5023
0.5001
0.5004
0.5145
0.5026
0.5004
0.5023
0.5016
0.5031
0.5011
0.5021
0.5006
0.5021
0.5031
0.5013
0.5011
0.5023
0.5031
0.5013
0.5011
0.4991
0.5023
0.5018
0.5013
0.5026
0.5004
0.5016
0.5121
0.5023
0.5006
0.5013
0.5016
0.5023
0.5009
0.5023
0.5013
0.5026
0.5031
0.5004
0.4994
0.4977
0.4967
0.5011
0.5011
0.4991
0.5018
0.5031
0.4987
0.5004
0.5011
0.5011
0.5001
0.5028
0.5021
0.5026
0.5033
0.5026
0.5013
0.5021
0.5023
0.5023
0.5006
0.5026
0.5021
0.5031
0.4996
0.5026
0.4996
0.5023
0.5021
0.5021
0.5009
0.5011
0.5023
0.5009
0.5018
0.5016
0.5004
0.5023
0.5011
0.5001
0.5018
0.5018
0.5018
0.5006
0.5011
0.5026
0.4974
0.5009
0.5018
0.5006
0.5001
0.5021
0.5001
0.5026
0.5018
0.5011
0.5013
0.5028
0.5001
0.5016
0.5033
0.5026
0.5018
0.5016
0.5013
0.5009
0.5023
0.5021
0.5009
0.5011
0.5016
0.4984
0.5013
0.5026
0.5001
0.5011
0.5021
0.4972
0.5006
0.5023
0.5016
0.5031
0.4979
0.5018
0.5004
0.4996
0.5023
0.5004
0.4979
0.7761
0.7619
0.7563
0.7531
0.7473
0.7433
0.7387
0.7380
0.7338
0.7272
0.7297
0.7263
0.7250
0.7206
0.7228
0.7177
0.7172
0.7158
0.7114
0.7128
0.7121
0.7104
0.7089
0.7070
0.7072
0.7053
0.7035
0.7040
0.7055
0.7023
0.7011
0.7004
0.6977
0.6972
0.6979
0.6962
0.7026
0.6969
0.6957
0.6950
0.6935
0.6947
0.6923
0.6947
0.6899
0.6940
0.6926
0.6918
0.6938
0.6904
0.6896
0.6901
0.6908
0.6913
0.6899
0.6904
0.6889
0.6889
0.6864
0.6882
0.6872
0.6886
0.6879
0.6884
0.6879
0.6869
0.6864
0.6877
0.6884
0.6864
0.6860
0.6862
0.6877
0.6821
0.6860
0.6857
0.6860
0.6857
0.6835
0.6818
0.6850
0.6869
0.6838
0.6857
0.6860
0.6862
0.6852
0.6867
0.6842
0.6835
0.6842
0.6833
0.6886
0.6850
0.6835
0.6842
0.6842
0.6825
0.6840
0.6830
0.6850
0.6852
0.6840
0.6821
0.6835
0.6825
0.6840
0.6833
0.6857
0.6845
0.6801
0.6842
0.6864
0.6799
0.6828
0.6823
0.6852
0.6840
0.6855
0.6855
0.6840
0.6850
0.6811
0.6869
0.6833
0.6808
0.6808
0.6823
0.6764
0.6833
0.6813
0.6840
0.6838
0.6852
0.6840
0.6808
0.6799
0.6830
0.6806
0.6818
0.6830
0.6842
0.6811
0.6808
0.6823
0.6821
0.6840
0.6842
0.6833
0.6838
0.6850
0.6818
0.6845
0.6816
0.6830
0.6828
0.6816
0.6830
0.6823
0.6847
0.6796
0.6811
0.6842
0.6811
0.6828
0.6806
0.6828
0.6857
0.6862
0.6855
0.6821
0.6842
0.6811
0.6823
0.6833
0.6835
0.6842
0.6821
0.6833
0.6857
0.6811
0.6842
0.6833
0.6803
0.6818
0.6816
0.6811
0.6842
0.6840
0.6847
0.6816
0.6806
0.6830
0.6825
0.6862
0.6821
0.6850
0.6830
0.6821
0.6816
0.6855
0.6821
0.6852
0.6816
0.6823
0.6840
0.6838
0.6889
0.6811
0.6857
0.6840
0.6855
0.6833
0.6835
0.6828
0.6835
0.6882
0.6830
0.6857
0.6882
0.6850
0.6852
0.6818
0.6818
0.6828
0.6796
0.6794
0.6828
0.6830
0.0547
0.0237
0.0090
0.0000
0.0000
0.0000
0.0000
0.0000
0.0000
0.0000
0.0005
0.4117
0.5123
0.5138
0.5094
0.5053
0.5067
0.5065
0.5038
0.5040
0.5033
0.5023
0.5040
0.5016
0.5031
0.5035
0.5033
0.5048
0.5035
0.5018
0.5040
0.5033
0.5028
0.5028
0.5001
0.5009
0.5023
0.5023
0.5013
0.5033
0.5004
0.5006
0.5026
0.5040
0.5013
0.5040
0.5023
0.5018
0.5013
0.5011
0.5011
0.4999
0.5040
0.5028
0.5016
0.5021
0.5006
0.5023
0.4987
0.5033
0.5006
0.5021
0.4991
0.5006
0.5006
0.5011
0.5011
0.5031
0.5013
0.5011
0.5026
0.5006
0.5013
0.5018
0.4982
0.5021
0.4977
0.5001
0.5013
0.4989
0.5001
0.5013
0.5028
0.5023
0.5016
0.5018
0.5031
0.5028
0.5013
0.5021
0.5009
0.5001
0.5016
0.5011
0.5021
0.5028
0.5011
0.5001
0.5011
0.5004
0.5021
0.5001
0.4991
0.5011
0.4987
0.5004
0.5021
0.5001
0.5001
0.5006
0.5004
0.5013
0.5023
0.5001
0.5013
0.5006
0.5011
0.5009
0.5001
0.5001
0.5009
0.5011
0.5001
0.5023
0.5021
0.4996
0.5026
0.5018
0.5013
0.5001
0.5094
0.5028
0.5013
0.5016
0.5021
0.5021
0.5001
0.5013
0.5011
0.5016
0.5006
0.4989
0.5006
0.5016
0.4994
0.5004
0.5009
0.5004
0.5016
0.4994
0.5031
0.4996
0.5023
0.5011
0.5021
0.4996
0.5006
0.5009
0.5026
0.5011
0.5033
0.5096
0.5023
0.5023
0.5031
0.4994
0.5026
0.5031
0.5013
0.5013
0.5001
0.5013
0.5011
0.5018
0.5006
0.5011
0.5013
0.5033
0.5033
0.5011
0.5023
0.5021
0.5028
0.5006
0.5040
0.5018
0.5011
0.5009
0.4994
0.5006
0.5004
0.5018
0.5013
0.5001
0.5011
0.5016
0.5004
0.5033
0.5016
0.5006
0.5026
0.4996
0.5006
0.5031
0.5021
0.5026
0.5033
0.5004
0.5009
0.5033
0.4994
0.4989
0.5001
0.5021
0.5016
0.5023
0.5011
0.5026
0.5018
0.5021
0.5021
0.5028
0.5004
0.5006
0.4989
0.5018
0.4994
0.5001
0.7631
0.7631
0.7568
0.7521
0.7414
0.7448
0.7438
0.7397
0.7328
0.7316
0.7306
0.7267
0.7267
0.7248
0.7241
0.7192
0.7194
0.7189
0.7175
0.7148
0.7153
0.7121
0.7099
0.7104
0.7074
0.7057
0.7053
0.7048
0.7043
0.7053
0.7045
0.7023
0.7018
0.6991
0.7006
0.7001
0.6987
0.6982
0.6957
0.6965
0.6969
0.6945
0.6952
0.6967
0.6933
0.6940
0.6938
0.6943
0.6977
0.6933
0.6913
0.6940
0.6916
0.6911
0.6884
0.6894
0.6906
0.6879
0.6913
0.6886
0.6877
0.6908
0.6899
0.6896
0.6896
0.6896
0.6886
0.6916
0.6882
0.6882
0.6872
0.6857
0.6864
0.6869
0.6879
0.6867
0.6879
0.6884
0.6891
0.6879
0.6882
0.6884
0.6855
0.6877
0.6877
0.6869
0.6882
0.6877
0.6872
0.6857
0.6823
0.6847
0.6857
0.6879
0.6860
0.6855
0.6882
0.6877
0.6847
0.6860
0.6857
0.6904
0.6869
0.6867
0.6869
0.6877
0.6901
0.6845
0.6845
0.6891
0.6864
0.6850
0.6852
0.6867
0.6857
0.6884
0.6857
0.6864
0.6842
0.6847
0.6860
0.6833
0.6855
0.6838
0.6864
0.6882
0.6855
0.6847
0.6899
0.6823
0.6842
0.6872
0.6825
0.6896
0.6867
0.6838
0.6867
0.6867
0.6864
0.6869
0.6857
0.6860
0.6877
0.6852
0.6852
0.6828
0.6850
0.6860
0.6864
0.6869
0.6933
0.6850
0.6855
0.6869
0.6860
0.6860
0.6850
0.6845
0.6833
0.6840
0.6850
0.6867
0.6867
0.6840
0.6850
0.6862
0.6855
0.6862
0.6840
0.6872
0.6850
0.6864
0.6860
0.6950
0.6862
0.6852
0.6850
0.6855
0.6864
0.6855
0.6840
0.6862
0.6852
0.6847
0.6855
0.6847
0.6850
0.6857
0.6852
0.6840
0.6850
0.6833
0.6847
0.6838
0.6830
0.6838
0.6855
0.6855
0.6852
0.6857
0.6857
0.6838
0.6840
0.6867
0.6860
0.6845
0.6852
0.6828
0.6830
0.6894
0.6835
0.6855
0.6842
0.6899
0.6857
0.6850
0.6857
0.6884
0.6830
0.6869
0.6867
0.6823
0.6855
0.6835
0.6864
0.6818
0.6847
0.6855
0.6847
0.0630
0.0293
0.0107
0.0000
0.0000
0.0000
0.0000
0.0000
0.0000
0.0000
0.0000
0.3692
0.5082
0.5136
0.5082
0.5062
0.5053
0.5055
0.5001
0.5045
0.5043
0.5040
0.5040
0.5018
0.5023
0.5016
0.5026
0.5021
0.5026
0.5021
0.5023
0.5035
0.5045
0.5023
0.5021
0.5001
0.5001
0.5026
0.5021
0.5016
0.5021
0.5028
0.5009
0.5009
0.5033
0.5023
0.5021
0.5028
0.5023
0.5009
0.5006
0.5013
0.5001
0.5023
0.5001
0.5009
0.5004
0.5004
0.5023
0.5009
0.5016
0.5016
0.5023
0.5013
0.5031
0.5026
0.5033
0.5001
0.5013
0.5004
0.5011
0.5023
0.5031
0.5028
0.5033
0.5031
0.4996
0.5026
0.4996
0.5009
0.4991
0.5001
0.5013
0.5011
0.5011
0.5004
0.4991
0.5006
0.5021
0.5021
0.5021
0.5006
0.4994
0.5031
0.5026
0.5011
0.5011
0.5021
0.5031
0.5001
0.4989
0.5001
0.5006
0.5040
0.5006
0.5006
0.5023
0.5023
0.5028
0.5016
0.5028
0.5026
0.5016
0.4991
0.5021
0.5011
0.5026
0.5009
0.5033
0.5050
0.5023
0.5013
0.5013
0.5013
0.5023
0.5021
0.5001
0.5023
0.5006
0.5031
0.5011
0.5016
0.5028
0.5009
0.5026
0.5009
0.5026
0.5035
0.5111
0.5016
0.5028
0.5021
0.5011
0.5004
0.5021
0.5006
0.5026
0.5009
0.5001
0.5001
0.5033
0.5035
0.5035
0.5009
0.5011
0.5031
0.5013
0.5023
0.5021
0.5033
0.5011
0.5004
0.5011
0.5028
0.5028
0.5013
0.5023
0.5001
0.5006
0.5031
0.5009
0.5033
0.5011
0.5011
0.5026
0.5026
0.5023
0.5033
0.5026
0.5009
0.5026
0.5035
0.5033
0.5009
0.5023
0.5004
0.5031
0.5040
0.5050
0.5033
0.5001
0.5035
0.5016
0.5021
0.4957
0.5021
0.5011
0.5018
0.5023
0.5011
0.5021
0.5031
0.5031
0.5016
0.5011
0.5001
0.5021
0.5011
0.5035
0.4991
0.5026
0.5001
0.5016
0.5021
0.5016
0.5016
0.5004
0.5013
0.5001
0.5021
0.5021
0.5018
0.5026
0.5004
0.5021
0.5023
0.5016
0.5040
0.5021
0.7631
0.7560
0.7546
0.7468
0.7441
0.7465
0.7387
0.7338
0.7355
0.7304
0.7309
0.7289
0.7280
0.7231
0.7226
0.7236
0.7199
0.7189
0.7162
0.7131
0.7131
0.7118
0.7104
0.7133
0.7104
0.7053
0.7074
0.7072
0.7043
0.7072
0.7043
0.7062
0.7048
0.6996
0.7011
0.7011
0.7033
0.6991
0.6989
0.7023
0.6987
0.6969
0.6994
0.6977
0.6977
0.6982
0.6974
0.6952
0.6952
0.6935
0.6960
0.6921
0.6960
0.6955
0.6923
0.6965
0.6950
0.6950
0.6930
0.6935
0.6938
0.6940
0.6916
0.6926
0.6901
0.6926
0.6930
0.6928
0.6918
0.6918
0.6935
0.6891
0.6947
0.6916
0.6896
0.6930
0.6904
0.6904
0.6921
0.6928
0.6916
0.6918
0.6916
0.6928
0.6874
0.6916
0.6896
0.6904
0.6906
0.6918
0.6891
0.6899
0.6906
0.6928
0.6889
0.6879
0.6943
0.6904
0.6886
0.6889
0.6894
0.6886
0.6935
0.6889
0.6891
0.6894
0.6886
0.6879
0.6879
0.6886
0.6879
0.6926
0.6889
0.6869
0.6916
0.6918
0.6906
0.6860
0.6886
0.6908
0.6894
0.6896
0.6899
0.6928
0.6894
0.6877
0.6869
0.6899
0.6899
0.6882
0.6891
0.6916
0.6877
0.6945
0.6913
0.6877
0.6886
0.6901
0.6904
0.6894
0.6926
0.6904
0.6886
0.6886
0.6877
0.6886
0.6916
0.6901
0.6899
0.6877
0.6896
0.6906
0.6906
0.6908
0.6904
0.6869
0.6906
0.6908
0.6886
0.6904
0.6869
0.6930
0.6911
0.6884
0.6896
0.6908
0.6923
0.6894
0.6896
0.6908
0.6886
0.6889
0.6918
0.6847
0.6906
0.6933
0.6899
0.6908
0.6889
0.6899
0.6916
0.6894
0.6908
0.6889
0.6886
0.6916
0.6918
0.6879
0.6891
0.6916
0.6894
0.6926
0.6904
0.6894
0.6913
0.6904
0.6904
0.6879
0.6864
0.6906
0.6921
0.6896
0.6894
0.6896
0.6904
0.6899
0.6945
0.6886
0.6933
0.6918
0.6899
0.6911
0.6908
0.6916
0.6921
0.6908
0.6899
0.6855
0.6908
0.6904
0.6938
0.6938
0.6899
0.6889
0.6923
0.6896
0.6916
0.6921
0.0808
0.0437
0.0147
0.0044
0.0000
0.0000
0.0000
0.0000
0.0000
0.0000
0.0000
0.3223
0.5065
0.5140
0.5104
0.5072
0.5072
0.5023
0.5053
0.5055
0.5031
0.5040
0.5040
0.5045
0.5031
0.5023
0.5026
0.5040
0.5026
0.5013
0.5040
0.5040
0.5026
0.5040
0.5028
0.5038
0.5031
0.5021
0.5023
0.5033
0.5011
0.5021
0.5072
0.5028
0.5013
0.5026
0.5028
0.5018
0.5028
0.5018
0.5023
0.5026
0.5011
0.5028
0.5006
0.5043
0.5011
0.5006
0.4996
0.5013
0.5023
0.5001
0.5026
0.5031
0.4994
0.5006
0.5031
0.5021
0.5009
0.5038
0.5033
0.5023
0.5013
0.5031
0.5006
0.5018
0.5013
0.5001
0.5026
0.5006
0.5021
0.5031
0.4987
0.5016
0.5016
0.5004
0.5026
0.5001
0.5009
0.5023
0.5018
0.5021
0.4991
0.5023
0.5009
0.5031
0.5004
0.5001
0.5021
0.5004
0.5023
0.5011
0.5004
0.5045
0.4996
0.5023
0.4996
0.5016
0.5031
0.5018
0.5026
0.5018
0.5031
0.5028
0.5045
0.5016
0.5021
0.5004
0.5031
0.5018
0.4972
0.5004
0.5033
0.4996
0.5026
0.4994
0.5001
0.5021
0.5021
0.4984
0.5013
0.5006
0.5031
0.5031
0.5018
0.5021
0.5033
0.5018
0.5013
0.5033
0.5009
0.5018
0.4991
0.5026
0.5026
0.4991
0.5033
0.5018
0.5016
0.4987
0.5045
0.5028
0.5013
0.5016
0.5016
0.5023
0.5033
0.5013
0.4996
0.5009
0.5021
0.5021
0.5011
0.5033
0.5026
0.5040
0.5031
0.5033
0.5035
0.5006
0.5009
0.5016
0.5021
0.5011
0.5011
0.5026
0.4991
0.5018
0.5026
0.5013
0.5031
0.5011
0.5006
0.5016
0.5040
0.5016
0.5011
0.4989
0.5006
0.5011
0.5001
0.5006
0.5031
0.5011
0.5006
0.5013
0.5013
0.5033
0.5011
0.5004
0.4979
0.5031
0.5013
0.5011
0.5026
0.5013
0.5006
0.5004
0.5033
0.4991
0.5021
0.5011
0.5026
0.5011
0.5016
0.5026
0.5016
0.5023
0.5013
0.5016
0.5009
0.5033
0.5018
0.5021
0.5031
0.5001
0.5009
0.5001
0.5031
0.7661
0.7607
0.7551
0.7502
0.7465
0.7431
0.7397
0.7382
0.7358
0.7314
0.7311
0.7292
0.7316
0.7260
0.7248
0.7219
0.7206
0.7194
0.7201
0.7170
0.7131
0.7128
0.7143
0.7111
0.7099
0.7118
0.7104
0.7070
0.7065
0.7070
0.7109
0.7040
0.7072
0.7038
0.7016
0.7021
0.7006
0.7038
0.7013
0.7011
0.6979
0.7023
0.6972
0.7001
0.6989
0.6989
0.6977
0.6982
0.6979
0.6965
0.6955
0.6962
0.6957
0.6952
0.6972
0.6955
0.6957
0.6965
0.6947
0.6943
0.6974
0.6940
0.6933
0.6935
0.6928
0.6928
0.6945
0.6952
0.6926
0.6938
0.6947
0.6943
0.6926
0.6918
0.6928
0.6911
0.6928
0.6877
0.6908
0.6926
0.6908
0.6906
0.6904
0.6899
0.6933
0.6901
0.6918
0.6916
0.6904
0.6923
0.6918
0.6921
0.6906
0.6940
0.6918
0.6877
0.6884
0.6916
0.6921
0.6904
0.6911
0.6906
0.6918
0.6947
0.6882
0.6926
0.6908
0.6906
0.6918
0.6965
0.6930
0.6899
0.6908
0.6911
0.6982
0.6884
0.6928
0.6921
0.6935
0.6884
0.6896
0.6916
0.6918
0.6894
0.6889
0.6896
0.6940
0.6899
0.6879
0.6906
0.6916
0.6894
0.6916
0.6918
0.6879
0.6889
0.6908
0.6884
0.6911
0.6896
0.6889
0.6899
0.6884
0.6950
0.6899
0.6916
0.6894
0.6877
0.6896
0.6913
0.6906
0.6891
0.6896
0.6908
0.6908
0.6889
0.6886
0.6896
0.6904
0.6904
0.6901
0.6908
0.6882
0.6896
0.6872
0.6884
0.6908
0.6899
0.6869
0.6906
0.6894
0.6913
0.6926
0.6872
0.6867
0.6891
0.6899
0.6847
0.6877
0.6913
0.6886
0.6894
0.6879
0.6896
0.6867
0.6901
0.6879
0.6901
0.6904
0.6877
0.6869
0.6908
0.6908
0.6889
0.6872
0.6916
0.6884
0.6879
0.6899
0.6879
0.6877
0.6860
0.6904
0.6911
0.6916
0.6908
0.6879
0.6889
0.6904
0.6879
0.6886
0.6886
0.6899
0.6886
0.6869
0.6921
0.6869
0.6882
0.6867
0.6904
0.6891
0.6904
0.6891
0.6877
0.6886
0.6886
0.6896
0.6869
0.0906
0.0425
0.0173
0.0024
0.0000
0.0000
0.0000
0.0000
0.0000
0.0000
0.0000
0.2706
0.4994
0.5126
0.5118
0.5096
0.5040
0.5065
0.5033
0.5040
0.5050
0.5045
0.5040
0.5028
0.5023
0.5021
0.5045
0.5040
0.5018
0.5040
0.5033
0.5018
0.5016
0.5026
0.5043
0.5045
0.5018
0.5021
0.5031
0.5009
0.5011
0.5006
0.5028
0.5026
0.5013
0.5009
0.5018
0.5013
0.5033
0.5013
0.5018
0.5006
0.5031
0.5011
0.5011
0.5028
0.5009
0.5038
0.5023
0.5033
0.5021
0.5013
0.5026
0.5035
0.5016
0.5016
0.5013
0.5021
0.5031
0.5018
0.5023
0.4989
0.5013
0.5021
0.5013
0.5045
0.5018
0.5028
0.5026
0.5009
0.5009
0.5018
0.5021
0.5021
0.5026
0.5016
0.5016
0.5004
0.5016
0.5023
0.5006
0.5013
0.4994
0.5026
0.5060
0.5021
0.5026
0.5021
0.5026
0.5028
0.5026
0.5026
0.5026
0.5009
0.4994
0.4982
0.5023
0.5023
0.5016
0.5031
0.5013
0.5023
0.5031
0.5021
0.5011
0.5021
0.5013
0.5018
0.5001
0.5004
0.5026
0.5009
0.5001
0.5031
0.5035
0.5006
0.5033
0.5016
0.5035
0.5016
0.5021
0.5011
0.5011
0.5033
0.5013
0.5006
0.5004
0.5016
0.5009
0.5001
0.5031
0.5006
0.5009
0.5028
0.5018
0.5026
0.5004
0.5031
0.5011
0.5023
0.5001
0.5011
0.5009
0.5021
0.5009
0.5031
0.5033
0.5001
0.5021
0.5033
0.5011
0.5031
0.5033
0.5011
0.5013
0.5023
0.5011
0.5033
0.5018
0.5018
0.5018
0.5013
0.5031
0.5013
0.5026
0.5026
0.5021
0.5011
0.5043
0.5031
0.5013
0.4991
0.5050
0.5040
0.5023
0.5031
0.5018
0.5018
0.5028
0.5021
0.5009
0.5023
0.5021
0.5026
0.5028
0.5018
0.5006
0.5026
0.5009
0.5031
0.5031
0.5023
0.5031
0.5023
0.5021
0.5031
0.5011
0.5013
0.5026
0.5028
0.5021
0.5031
0.5035
0.5011
0.5011
0.5013
0.5035
0.5018
0.4994
0.5001
0.5021
0.5040
0.5018
0.5023
0.5023
0.5011
0.5023
0.5028
0.5006
0.7663
0.7600
0.7543
0.7480
0.7470
0.7436
0.7392
0.7365
0.7338
0.7326
0.7302
0.7294
0.7275
0.7258
0.7226
0.7241
0.7226
0.7189
0.7226
0.7170
0.7123
0.7126
0.7133
0.7109
0.7087
0.7123
0.7106
0.7094
0.7074
0.7067
0.7065
0.7043
0.7065
0.7033
0.7050
0.7004
0.7016
0.7009
0.7009
0.7009
0.7006
0.6979
0.7009
0.7001
0.6984
0.6987
0.6974
0.6972
0.6950
0.7006
0.6962
0.6955
0.6962
0.6945
0.6952
0.6972
0.6940
0.6916
0.6938
0.6947
0.6933
0.6901
0.6950
0.6940
0.6928
0.6923
0.6957
0.6916
0.6938
0.6921
0.6945
0.6945
0.6947
0.6960
0.6967
0.6950
0.6955
0.6955
0.6967
0.6972
0.6923
0.6918
0.6916
0.6916
0.6928
0.6950
0.6945
0.6935
0.6940
0.6945
0.6908
0.6926
0.6967
0.6928
0.6945
0.6938
0.6926
0.6930
0.6943
0.6911
0.6947
0.6921
0.6928
0.6947
0.6965
0.6960
0.6923
0.6940
0.6930
0.6955
0.6908
0.6957
0.6911
0.6916
0.6918
0.6923
0.6989
0.6884
0.6928
0.6930
0.6960
0.6884
0.6935
0.6923
0.6938
0.6974
0.6928
0.6933
0.6904
0.6908
0.6921
0.6884
0.6928
0.6945
0.6950
0.6886
0.6908
0.6916
0.6911
0.6921
0.6918
0.6908
0.6911
0.6916
0.6908
0.6884
0.6911
0.6904
0.6911
0.6921
0.6908
0.6928
0.6926
0.6904
0.6911
0.6930
0.6930
0.6938
0.6918
0.6904
0.7033
0.6908
0.6901
0.6906
0.6938
0.6921
0.6923
0.6921
0.6913
0.6889
0.6960
0.6918
0.6911
0.6928
0.6904
0.6965
0.6916
0.6904
0.6918
0.6955
0.6933
0.6908
0.6911
0.6901
0.6906
0.6916
0.6891
0.6938
0.6911
0.6911
0.6901
0.6899
0.6899
0.6935
0.6928
0.6955
0.6916
0.6896
0.6916
0.6938
0.6916
0.6906
0.6916
0.6938
0.6894
0.6923
0.6945
0.6906
0.6891
0.6908
0.6894
0.6918
0.6933
0.6916
0.6918
0.6918
0.6928
0.6879
0.6947
0.6916
0.6938
0.6921
0.6886
0.6899
0.6901
0.6938
0.6899
0.6921
0.6933
0.0569
0.0244
0.0054
0.0000
0.0000
0.0000
0.0000
0.0000
0.0000
0.0000
0.0000
0.4886
0.5140
0.5123
0.5082
0.5053
0.5055
0.5060
0.5033
0.5045
0.5040
0.5021
0.5035
0.5050
0.5043
0.5023
0.5023
0.5050
0.5021
0.5035
0.5013
0.5045
0.5045
0.5033
0.5026
0.5040
0.5033
0.5035
0.5028
0.5018
0.5021
0.5026
0.5035
0.5011
0.5035
0.5016
0.5031
0.5011
0.5035
0.5016
0.5004
0.5028
0.5018
0.5035
0.5033
0.5021
0.5009
0.5035
0.5013
0.5011
0.5001
0.5016
0.5011
0.5001
0.5013
0.5021
0.5009
0.5026
0.5028
0.5009
0.5004
0.5011
0.5011
0.5011
0.5016
0.5028
0.5016
0.5031
0.5018
0.5026
0.5018
0.5013
0.5009
0.4994
0.5026
0.5013
0.5021
0.5016
0.5006
0.5035
0.5006
0.5033
0.4979
0.5021
0.5031
0.5001
0.5016
0.5035
0.5011
0.5026
0.5018
0.5013
0.5021
0.4991
0.5038
0.5011
0.5001
0.5011
0.5028
0.5023
0.5011
0.5013
0.5033
0.5018
0.5006
0.5031
0.5018
0.5018
0.5011
0.5011
0.5021
0.5031
0.5011
0.5026
0.5023
0.5009
0.5004
0.5028
0.5028
0.5001
0.5018
0.5033
0.5028
0.5023
0.5023
0.5001
0.5035
0.5004
0.4996
0.5006
0.5031
0.5018
0.5018
0.5026
0.5006
0.5018
0.5035
0.5023
0.5004
0.5018
0.5026
0.5021
0.5031
0.5038
0.5011
0.5031
0.5035
0.5033
0.5021
0.5023
0.5026
0.5026
0.5006
0.5018
0.5033
0.5009
0.5031
0.5031
0.5035
0.5048
0.5040
0.5004
0.5018
0.5023
0.5021
0.5033
0.5013
0.5026
0.5033
0.5018
0.5035
0.5006
0.5009
0.5006
0.5026
0.5040
0.5009
0.5031
0.5023
0.5021
0.5013
0.5028
0.5013
0.5035
0.5035
0.5021
0.5021
0.5021
0.5021
0.5033
0.5023
0.5026
0.5011
0.5004
0.5018
0.5023
0.5033
0.5001
0.5009
0.5033
0.5009
0.5021
0.5009
0.5026
0.5033
0.5001
0.5028
0.5016
0.4996
0.5045
0.5011
0.5016
0.5021
0.5004
0.5031
0.5033
0.5018
0.5021
0.7692
0.7604
0.7558
0.7524
0.7480
0.7460
0.7424
0.7355
0.7355
0.7333
0.7319
0.7280
0.7243
0.7250
0.7241
0.7211
0.7211
0.7201
0.7187
0.7155
0.7170
0.7140
0.7101
0.7104
0.7104
0.7099
0.7084
0.7074
0.7082
0.7040
0.7053
0.7045
0.7023
0.7021
0.7009
0.7016
0.6994
0.6994
0.6982
0.7018
0.6996
0.6999
0.6940
0.6972
0.6984
0.6987
0.6984
0.6972
0.6933
0.6969
0.6955
0.6947
0.6952
0.6933
0.6957
0.6921
0.6955
0.6965
0.6918
0.6930
0.6918
0.6930
0.6930
0.6908
0.6911
0.6960
0.6911
0.6926
0.6928
0.6904
0.6904
0.6911
0.6911
0.6921
0.6940
0.6916
0.6904
0.6926
0.6918
0.6896
0.6904
0.6908
0.6877
0.6901
0.6911
0.6904
0.6884
0.6899
0.6891
0.6908
0.6884
0.6896
0.6899
0.6879
0.6911
0.6899
0.6882
0.6886
0.6904
0.6874
0.6928
0.6884
0.6906
0.6879
0.6891
0.6894
0.6882
0.6906
0.6901
0.6901
0.6899
0.6882
0.6891
0.6928
0.6899
0.6908
0.6916
0.6894
0.6943
0.6899
0.6886
0.6894
0.6882
0.6869
0.6906
0.6901
0.6901
0.6889
0.6867
0.6874
0.6869
0.6884
0.6904
0.6894
0.6879
0.6862
0.6899
0.6904
0.6921
0.6857
0.6886
0.6877
0.6884
0.6869
0.6889
0.6894
0.6913
0.6845
0.6896
0.6867
0.6911
0.6889
0.6886
0.6904
0.6855
0.6857
0.6891
0.6904
0.6867
0.6867
0.6860
0.6860
0.6855
0.6864
0.6882
0.6886
0.6855
0.6855
0.6867
0.6896
0.6855
0.6872
0.6860
0.6899
0.6845
0.6860
0.6891
0.6882
0.6896
0.6879
0.6896
0.6852
0.6869
0.6877
0.6864
0.6894
0.6877
0.6864
0.6850
0.6852
0.6867
0.6828
0.6877
0.6864
0.6816
0.6877
0.6862
0.6901
0.6867
0.6869
0.6894
0.6860
0.6842
0.6869
0.6882
0.6838
0.6877
0.6896
0.6847
0.6874
0.6926
0.6886
0.6857
0.6838
0.6882
0.6864
0.6867
0.6882
0.6860
0.6845
0.6877
0.6867
0.6852
0.6886
0.6840
0.6850
0.6869
0.6869
0.6896
0.0515
0.0266
0.0090
0.0000
0.0000
0.0000
0.0000
0.0000
0.0000
0.0000
0.0000
0.4733
0.5158
0.5148
0.5077
0.5053
0.5048
0.5031
0.5045
0.5050
0.5038
0.5057
0.5040
0.5013
0.5004
0.5018
0.5026
0.5026
0.5028
0.5043
0.5028
0.5004
0.5026
0.5013
0.5013
0.5021
0.5006
0.5031
0.5040
0.5011
0.5026
0.5028
0.5026
0.5011
0.5028
0.5026
0.5013
0.5013
0.5031
0.5009
0.5009
0.5031
0.5031
0.5031
0.5006
0.5028
0.5018
0.5016
0.5026
0.5031
0.5031
0.5026
0.5004
0.5006
0.5011
0.5013
0.5013
0.5006
0.4991
0.5001
0.4994
0.5023
0.5016
0.5028
0.5004
0.5021
0.5006
0.5004
0.5031
0.4991
0.5028
0.5023
0.4991
0.5023
0.5001
0.5023
0.5013
0.5021
0.5021
0.5013
0.5018
0.5023
0.5028
0.5028
0.5013
0.5028
0.5016
0.5023
0.5011
0.5001
0.5021
0.5009
0.5016
0.5013
0.5018
0.5031
0.5001
0.5021
0.5021
0.4991
0.5018
0.5028
0.5033
0.5011
0.5016
0.5023
0.5011
0.5023
0.5023
0.5035
0.5021
0.4994
0.5001
0.5035
0.5028
0.5016
0.5001
0.4999
0.4996
0.5045
0.5004
0.5016
0.4994
0.5023
0.5009
0.5023
0.5033
0.5023
0.5026
0.4994
0.5028
0.5033
0.5033
0.5050
0.5033
0.5021
0.4994
0.5035
0.5021
0.5028
0.4996
0.5011
0.4994
0.5021
0.4982
0.5009
0.4996
0.5026
0.5031
0.5021
0.5026
0.5040
0.5026
0.5006
0.5021
0.5013
0.5011
0.5018
0.5031
0.5011
0.5021
0.5013
0.5033
0.5011
0.5001
0.5026
0.5023
0.5021
0.5013
0.5016
0.5028
0.5023
0.5011
0.5001
0.5026
0.5011
0.5013
0.5031
0.5031
0.5006
0.5021
0.5033
0.5033
0.5018
0.5001
0.5009
0.5040
0.5026
0.4994
0.5031
0.4996
0.5023
0.5013
0.5055
0.5013
0.5013
0.5021
0.5023
0.5023
0.5013
0.5004
0.5009
0.5013
0.4996
0.4991
0.5023
0.5028
0.5018
0.4994
0.5004
0.5013
0.5094
0.5018
0.4994
0.5021
0.5009
0.5023
0.5031
0.7685
0.7609
0.7568
0.7490
0.7458
0.7446
0.7399
0.7392
0.7389
0.7324
0.7316
0.7275
0.7267
0.7248
0.7219
0.7192
0.7197
0.7192
0.7150
0.7160
0.7158
0.7114
0.7140
0.7111
0.7099
0.7084
0.7050
0.7065
0.7040
0.7043
0.7033
0.7028
0.7028
0.7026
0.7033
0.7001
0.7006
0.6987
0.6987
0.6991
0.6972
0.6996
0.6977
0.6960
0.6965
0.6977
0.6952
0.6947
0.6974
0.6930
0.6955
0.6943
0.6930
0.6921
0.6930
0.6918
0.6921
0.6923
0.6916
0.6933
0.6928
0.6916
0.6901
0.6894
0.6906
0.6916
0.6918
0.6899
0.6891
0.6911
0.6869
0.6908
0.6894
0.6877
0.6889
0.6884
0.6896
0.6882
0.6894
0.6894
0.6891
0.6928
0.6884
0.6896
0.6874
0.6864
0.6889
0.6916
0.6872
0.6847
0.6889
0.6899
0.6864
0.6891
0.6899
0.6906
0.6882
0.6869
0.6864
0.6889
0.6847
0.6879
0.6955
0.6896
0.6877
0.6923
0.6879
0.6869
0.6855
0.6855
0.6896
0.6869
0.6891
0.6877
0.6869
0.6908
0.6862
0.6901
0.6874
0.6884
0.6847
0.6872
0.6926
0.6916
0.6879
0.6872
0.6896
0.6879
0.6921
0.6879
0.6862
0.6864
0.6877
0.6867
0.6886
0.6884
0.6879
0.6840
0.6901
0.6882
0.6867
0.6860
0.6908
0.6891
0.6860
0.6867
0.6877
0.6879
0.6886
0.6864
0.6894
0.6877
0.6877
0.6838
0.6894
0.6864
0.6850
0.6894
0.6877
0.6864
0.6896
0.6879
0.6877
0.6886
0.6899
0.6855
0.6877
0.6872
0.6886
0.6852
0.6869
0.6916
0.6840
0.6904
0.6864
0.6886
0.6874
0.6867
0.6850
0.6877
0.6877
0.6884
0.6852
0.6850
0.6886
0.6894
0.6899
0.6894
0.6877
0.6899
0.6896
0.6908
0.6877
0.6872
0.6877
0.6916
0.6882
0.6867
0.6918
0.6850
0.6891
0.6926
0.6891
0.6882
0.6869
0.6891
0.6847
0.6889
0.6864
0.6877
0.6877
0.6877
0.6864
0.6877
0.6867
0.6852
0.6877
0.6867
0.6882
0.6869
0.6847
0.6899
0.6882
0.6879
0.6928
0.6867
0.6918
0.6869
0.6882
0.0586
0.0293
0.0105
0.0010
0.0000
0.0000
0.0000
0.0000
0.0000
0.0000
0.0005
0.4525
0.5140
0.5118
0.5084
0.5074
0.5070
0.5043
0.5026
0.5033
0.5026
0.5033
0.5045
0.5033
0.5013
0.5018
0.5021
0.5048
0.5033
0.5035
0.5026
0.5016
0.5035
0.5016
0.5021
0.5040
0.5035
0.5035
0.5018
0.5016
0.5001
0.5018
0.5023
0.5013
0.5009
0.5023
0.5011
0.5023
0.5033
0.5001
0.5023
0.5031
0.5004
0.5035
0.5023
0.5031
0.5016
0.5009
0.5016
0.5023
0.5011
0.5004
0.5016
0.5031
0.5006
0.5016
0.5028
0.5031
0.5021
0.5006
0.5004
0.5001
0.5009
0.5004
0.5031
0.5011
0.5006
0.5016
0.4994
0.5001
0.5009
0.5021
0.5004
0.5011
0.5009
0.4996
0.5026
0.5023
0.5011
0.5013
0.5021
0.4991
0.5018
0.5011
0.5040
0.4984
0.5013
0.5023
0.5035
0.5009
0.5013
0.5040
0.5023
0.5023
0.5018
0.5004
0.5004
0.5021
0.5004
0.5016
0.5031
0.5011
0.5040
0.5004
0.5013
0.5011
0.5028
0.5001
0.5021
0.5011
0.5023
0.5021
0.5011
0.4991
0.5006
0.5026
0.5011
0.5013
0.5040
0.5009
0.5011
0.5001
0.5009
0.5023
0.5016
0.5011
0.5009
0.5028
0.4994
0.4996
0.5033
0.5021
0.5026
0.5043
0.5026
0.5013
0.5021
0.5021
0.5011
0.5040
0.5023
0.5013
0.5013
0.5018
0.5028
0.5023
0.5023
0.5023
0.5023
0.5011
0.5004
0.5016
0.5048
0.5028
0.5026
0.5004
0.5011
0.5026
0.5016
0.5013
0.5016
0.5021
0.5004
0.5013
0.5021
0.5023
0.5016
0.5016
0.5018
0.5001
0.5009
0.5011
0.5035
0.5023
0.5021
0.5028
0.5004
0.5006
0.5031
0.5023
0.5001
0.5031
0.5023
0.5004
0.5026
0.5006
0.5006
0.5004
0.5016
0.5018
0.5028
0.5033
0.4996
0.5013
0.5021
0.5001
0.5016
0.5018
0.5023
0.5013
0.5023
0.5021
0.5006
0.5033
0.5004
0.5026
0.5031
0.5009
0.5031
0.5001
0.5021
0.4987
0.4996
0.5016
0.5006
0.5013
0.5013
0.5018
0.7770
0.7619
0.7573
0.7524
0.7465
0.7429
0.7407
0.7385
0.7360
0.7319
0.7292
0.7258
0.7250
0.7231
0.7231
0.7209
0.7170
0.7201
0.7182
0.7158
0.7116
0.7150
0.7084
0.7121
0.7077
0.7099
0.7084
0.7070
0.7070
0.7074
0.7028
0.7033
0.7072
0.7035
0.6989
0.6984
0.7016
0.7004
0.7004
0.7013
0.6991
0.6977
0.6982
0.6974
0.6972
0.6972
0.6957
0.6947
0.6977
0.6960
0.6945
0.6928
0.6950
0.6947
0.6945
0.6938
0.6923
0.6967
0.6911
0.6908
0.6943
0.6935
0.6926
0.6923
0.6899
0.6921
0.6933
0.6879
0.6901
0.6921
0.6935
0.6933
0.6896
0.6906
0.6894
0.6916
0.6928
0.6896
0.6906
0.6884
0.6894
0.6921
0.6896
0.6896
0.6891
0.6918
0.6886
0.6916
0.6879
0.6864
0.6904
0.6886
0.6869
0.6896
0.6901
0.6901
0.6886
0.6886
0.6913
0.6877
0.6904
0.6911
0.6852
0.6877
0.6882
0.6899
0.6882
0.6869
0.6867
0.6882
0.6877
0.6889
0.6879
0.6891
0.6877
0.6877
0.6889
0.6862
0.6889
0.6862
0.6862
0.6855
0.6850
0.6864
0.6855
0.6867
0.6896
0.6879
0.6872
0.6867
0.6884
0.6889
0.6852
0.6879
0.6896
0.6877
0.6899
0.6886
0.6879
0.6830
0.6935
0.6855
0.6869
0.6877
0.6879
0.6864
0.6911
0.6904
0.6869
0.6913
0.6845
0.6882
0.6911
0.6916
0.6886
0.6860
0.6879
0.6860
0.6884
0.6864
0.6872
0.6847
0.6908
0.6899
0.6891
0.6872
0.6943
0.6886
0.6901
0.6899
0.6908
0.6908
0.6869
0.6894
0.6894
0.6886
0.6894
0.6889
0.6886
0.6921
0.6882
0.6879
0.6864
0.6869
0.6894
0.6889
0.6891
0.6879
0.6896
0.6886
0.6884
0.6882
0.6886
0.6882
0.6886
0.6877
0.6877
0.6882
0.6886
0.6842
0.6872
0.6906
0.6862
0.6879
0.6879
0.6864
0.6901
0.6864
0.6891
0.6857
0.6852
0.6862
0.6884
0.6884
0.6877
0.6886
0.6879
0.6847
0.6916
0.6860
0.6894
0.6891
0.6889
0.6864
0.6867
0.6862
0.6886
0.6882
0.6869
0.0684
0.0357
0.0127
0.0000
0.0000
0.0000
0.0000
0.0000
0.0000
0.0000
0.0000
0.4168
0.5123
0.5138
0.5099
0.5082
0.5062
0.5062
0.5055
0.5053
0.5060
0.5031
0.5021
0.5040
0.5013
0.5011
0.5013
0.5040
0.5026
0.5021
0.5040
0.5031
0.5011
0.5026
0.5040
0.5011
0.5028
0.5013
0.5021
0.5031
0.5018
0.5016
0.5033
0.5045
0.5028
0.5013
0.5004
0.5023
0.5045
0.5035
0.5013
0.5006
0.4989
0.5028
0.5004
0.5016
0.5040
0.5028
0.5031
0.5028
0.5035
0.5033
0.5026
0.5013
0.5006
0.5011
0.5011
0.5013
0.5050
0.5038
0.5013
0.5001
0.5009
0.5013
0.5023
0.5033
0.5013
0.5023
0.5026
0.5033
0.5013
0.5023
0.5013
0.5023
0.5006
0.5004
0.5016
0.5035
0.5006
0.5031
0.5013
0.5006
0.5023
0.5009
0.5021
0.5016
0.5031
0.5013
0.5004
0.5035
0.5013
0.5011
0.5028
0.5001
0.5040
0.5028
0.5033
0.5031
0.5018
0.5004
0.5031
0.5016
0.5033
0.5006
0.5021
0.5028
0.5011
0.5021
0.5028
0.5004
0.5001
0.5023
0.5013
0.4996
0.5028
0.5021
0.5001
0.5021
0.5031
0.5033
0.5006
0.5006
0.5011
0.5016
0.5023
0.5021
0.5013
0.5004
0.5009
0.5011
0.5023
0.5023
0.5011
0.5040
0.5021
0.5026
0.5013
0.5023
0.5011
0.5001
0.5001
0.5021
0.5023
0.5013
0.4999
0.5004
0.5009
0.4972
0.5023
0.4989
0.5001
0.5004
0.5033
0.5009
0.5016
0.5031
0.5001
0.5013
0.4994
0.4996
0.5028
0.5023
0.5011
0.4984
0.5043
0.5004
0.5021
0.5016
0.5021
0.5013
0.5013
0.5013
0.5004
0.5001
0.5016
0.5018
0.4994
0.5021
0.5011
0.5021
0.5013
0.5001
0.5013
0.5013
0.5013
0.5013
0.5013
0.5011
0.5033
0.5021
0.5011
0.5013
0.5013
0.5009
0.4987
0.4989
0.5011
0.5001
0.5001
0.4994
0.4989
0.5001
0.5001
0.5026
0.4989
0.5023
0.4994
0.4984
0.4996
0.4989
0.5013
0.4987
0.5013
0.5018
0.4994
0.4994
0.4994
0.5001
0.7556
0.7595
0.7543
0.7485
0.7455
0.7389
0.7380
0.7380
0.7309
0.7294
0.7267
0.7209
0.7236
0.7233
0.7179
0.7175
0.7158
0.7150
0.7140
0.7116
0.7175
0.7089
0.7116
0.7055
0.7067
0.7065
0.7045
0.7033
0.7016
0.7043
0.7013
0.6989
0.6979
0.7004
0.6987
0.6974
0.6962
0.6935
0.6969
0.7004
0.6957
0.6969
0.6955
0.6982
0.6962
0.6974
0.6957
0.6940
0.6938
0.6967
0.6930
0.6911
0.6945
0.6908
0.6921
0.6916
0.6899
0.6916
0.6960
0.6908
0.6926
0.6894
0.6928
0.6916
0.6952
0.6928
0.6960
0.6904
0.6923
0.6904
0.6916
0.6906
0.6884
0.6901
0.6899
0.6911
0.6850
0.6916
0.6879
0.6911
0.6943
0.6891
0.6894
0.6867
0.6882
0.6908
0.6867
0.6901
0.6901
0.6867
0.6835
0.6886
0.6889
0.6928
0.6921
0.6884
0.6901
0.6879
0.6877
0.6923
0.6911
0.6884
0.6906
0.6889
0.6896
0.6860
0.6884
0.6879
0.6874
0.6882
0.6886
0.6877
0.6926
0.6864
0.6879
0.6855
0.6864
0.6838
0.6867
0.6869
0.6877
0.6921
0.6877
0.6864
0.6840
0.6860
0.6862
0.6886
0.6867
0.6886
0.6908
0.6906
0.6928
0.6842
0.6889
0.6877
0.6867
0.6877
0.6877
0.6862
0.6886
0.6879
0.6862
0.6908
0.6867
0.6896
0.6882
0.6889
0.6879
0.6896
0.6886
0.6886
0.6879
0.6891
0.6886
0.6879
0.6872
0.6869
0.6882
0.6916
0.6877
0.6884
0.6901
0.6842
0.6879
0.6845
0.6891
0.6877
0.6913
0.6906
0.6901
0.6911
0.6926
0.6877
0.6874
0.6882
0.6896
0.6877
0.6889
0.6879
0.6957
0.6879
0.6899
0.6923
0.6896
0.6901
0.6894
0.6884
0.6877
0.6869
0.6855
0.6869
0.6886
0.6877
0.6879
0.6906
0.6864
0.6860
0.6896
0.6874
0.6896
0.6889
0.6906
0.6899
0.6889
0.6884
0.6901
0.6864
0.6879
0.6899
0.6886
0.6877
0.6884
0.6896
0.6864
0.6886
0.6886
0.6918
0.6884
0.6896
0.6896
0.6882
0.6884
0.6877
0.6889
0.6889
0.6869
0.6906
0.6882
0.0767
0.0430
0.0122
0.0015
0.0000
0.0000
0.0000
0.0000
0.0000
0.0000
0.0005
0.3790
0.5072
0.5138
0.5067
0.5074
0.5067
0.5057
0.5050
0.5021
0.5021
0.5023
0.5026
0.5026
0.5018
0.5001
0.5021
0.5023
0.5023
0.5004
0.5001
0.5023
0.5040
0.5026
0.5009
0.5045
0.5001
0.5028
0.5021
0.5035
0.5048
0.4994
0.5009
0.5001
0.5013
0.5006
0.5028
0.5028
0.5021
0.5021
0.5031
0.4996
0.5006
0.5001
0.5013
0.4994
0.5009
0.5009
0.4989
0.5004
0.4989
0.5016
0.5021
0.5013
0.5021
0.5009
0.5013
0.5004
0.5021
0.5035
0.5009
0.5031
0.5026
0.5011
0.5006
0.5026
0.4994
0.4991
0.5026
0.5011
0.5016
0.5016
0.5023
0.5016
0.5028
0.5016
0.5021
0.4991
0.4994
0.5001
0.5011
0.5006
0.5013
0.5021
0.5001
0.5013
0.5023
0.5011
0.5001
0.5004
0.5006
0.5009
0.5006
0.5009
0.5013
0.5006
0.5013
0.5016
0.5016
0.5013
0.5004
0.5016
0.5033
0.5021
0.5026
0.5011
0.5026
0.5021
0.5001
0.5001
0.5011
0.5031
0.5023
0.5023
0.5013
0.5031
0.5018
0.4991
0.5011
0.5021
0.5028
0.5009
0.5018
0.4994
0.5011
0.5013
0.5026
0.4984
0.5016
0.5013
0.5011
0.4989
0.5026
0.5021
0.5013
0.5001
0.5013
0.5001
0.5023
0.5001
0.5004
0.5031
0.5026
0.5040
0.5006
0.5021
0.5013
0.5001
0.5001
0.5023
0.5009
0.4994
0.4994
0.5006
0.5028
0.5021
0.5028
0.5016
0.5021
0.5013
0.5031
0.5013
0.5038
0.5021
0.5001
0.5006
0.5026
0.5023
0.5016
0.5001
0.5023
0.4994
0.4987
0.5033
0.5001
0.5018
0.5009
0.5013
0.5023
0.5004
0.5026
0.5011
0.5013
0.5001
0.5021
0.5001
0.5021
0.5021
0.5006
0.5021
0.5013
0.5011
0.5001
0.5001
0.5021
0.5001
0.4989
0.5018
0.5011
0.5021
0.5031
0.5004
0.5013
0.5021
0.4991
0.4989
0.5011
0.4991
0.5031
0.5013
0.4996
0.5021
0.5035
0.4989
0.5011
0.5016
0.5018
0.5016
0.5011
0.7609
0.7556
0.7524
0.7492
0.7446
0.7429
0.7380
0.7370
0.7328
0.7311
0.7306
0.7284
0.7272
0.7192
0.7228
0.7201
0.7184
0.7201
0.7155
0.7189
0.7143
0.7145
0.7111
0.7109
0.7106
0.7082
0.7114
0.7089
0.7048
0.7035
0.7057
0.7028
0.7053
0.7038
0.7038
0.6994
0.7026
0.6999
0.7001
0.7011
0.6945
0.7013
0.7004
0.6982
0.6933
0.6977
0.6989
0.6965
0.6979
0.6957
0.6916
0.6943
0.6918
0.6930
0.6896
0.6930
0.6940
0.6933
0.6904
0.6918
0.6928
0.6901
0.6911
0.6906
0.6894
0.6916
0.6926
0.6882
0.6904
0.6879
0.6879
0.6896
0.6894
0.6877
0.6857
0.6857
0.6884
0.6882
0.6874
0.6926
0.6879
0.6877
0.6862
0.6869
0.6847
0.6872
0.6911
0.6882
0.6894
0.6857
0.6874
0.6884
0.6899
0.6850
0.6864
0.6896
0.6833
0.6842
0.6867
0.6838
0.6855
0.6872
0.6860
0.6879
0.6886
0.6882
0.6850
0.6933
0.6860
0.6862
0.6904
0.6879
0.6855
0.6879
0.6