61.7094
63.0769
63.6874
63.8828
58.6081
62.2711
63.4921
63.6386
63.9560
59.7314
62.6618
63.3455
63.9072
59.7802
60.9035
63.1746
63.7363
63.7607
55.3846
61.4652
63.0769
63.4676
63.8584
57.9243
62.1734
63.6630
63.7607
63.8095
59.2918
62.5885
63.7118
63.6874
64.1514
60.4640
62.8327
63.5653
63.8339
53.3333
61.1966
63.3455
63.6630
63.7851
57.2650
61.9292
63.4432
63.7118
64.1026
59.0965
62.1978
63.2967
63.8095
63.8584
60.1221
62.7106
63.6386
64.2491
55.3602
61.0256
63.1746
63.7851
64.1514
56.5324
61.9048
63.5409
64.1758
64.1026
58.4615
62.3687
63.6386
64.0537
63.9072
59.6581
62.8083
63.4432
64.0537
59.1209
61.0012
63.2967
63.5897
63.7851
55.3358
61.8315
62.9548
63.9805
63.9316
58.3150
62.1490
63.6142
63.5409
63.9560
59.6825
63.0037
63.7118
63.9560
64.1270
60.6105
62.9792
63.6142
64.0293
53.0647
61.5140
63.2723
64.1270
64.1514
57.4847
62.2466
63.6874
64.0537
64.3223
59.4383
62.6374
63.8828
64.2247
63.9805
60.2930
62.9060
63.8339
64.0781
55.3114
61.4408
63.6142
63.9072
64.1270
56.7766
62.0513
63.3944
63.8095
64.1514
58.7546
62.2466
63.6142
64.2735
64.4444
60.2930
62.3443
63.7363
64.3468
59.0476
61.6606
63.7363
63.9560
63.8339
55.4823
61.6361
63.6874
64.2002
64.3468
58.3150
62.8571
63.9560
64.6154
64.6154
60.2198
63.4188
63.8584
64.5665
64.6398
61.0012
63.4188
64.2979
64.2735
53.3333
61.9292
63.8584
64.2491
64.6886
57.8022
62.4176
63.8339
64.2735
64.7619
59.5360
63.0525
63.9072
64.5421
64.3956
60.6105
63.1746
64.3223
64.7619
55.0427
61.6850
63.6630
64.3468
64.5177
57.1673
62.1978
63.9072
64.2491
64.3956
59.2430
63.0281
64.0781
64.2735
64.6398
60.7814
63.4188
64.3956
64.5421
58.8278
61.5140
63.5653
64.1026
64.5665
55.9219
62.3199
63.8828
64.5665
63.9072
58.2906
62.0513
63.7363
63.5653
63.7118
59.5116
62.4664
63.5897
64.0781
64.0293
60.8547
62.9060
63.6630
63.7607
52.7473
61.5629
63.2967
63.9560
64.0781
57.7534
61.9780
63.4921
63.8095
64.0293
59.5604
62.3687
63.3700
63.6874
64.0293
60.1221
62.5641
63.6874
63.9072
54.5055
60.9035
63.1258
63.7363
64.1270
57.1429
61.9292
63.2234
63.5897
63.9560
58.6081
62.3932
63.5165
63.8339
64.1270
60.0977
62.9304
63.5897
63.6630
57.7045
60.9035
62.9060
63.5165
63.9805
56.1416
61.6850
63.4676
63.8339
63.8584
58.4615
62.5153
63.7118
63.7607
64.0293
59.5116
49.9634                                                                     
49.8901
49.9634
49.8413
50.1587
53.4799
60.9280
63.5653
64.6154
64.7375
60.0000
63.3944
64.4933
64.6154
64.8107
49.9145
49.9878
49.7680
49.8657
50.0122
53.2845
58.7302
60.8547
61.5140
61.7338
58.0220
60.6105
61.7094
61.7582
61.7827
59.0720
61.0012
61.4896
61.9048
53.4799
59.9267
61.1722
61.5873
61.6361
56.7277
60.4884
61.3675
61.8315
61.8071
57.8999
60.6838
61.4652
61.6117
62.1245
59.1453
61.0989
61.3675
61.5873
55.2381
59.8046
60.8791
61.8559
61.8803
56.3858
60.1954
61.4408
62.2711
61.7827
57.7045
60.5861
61.2698
62.1001
62.0024
58.7546
61.0012
61.5385
61.6606
57.8022
59.5116
60.9524
61.6117
61.8071
55.7509
60.0244
61.3431
61.5629
61.7094
57.1673
60.4640
61.3919
61.8803
62.6129
58.4615
60.8059
61.8803
61.5140
62.1001
59.2430
61.0745
61.7338
61.7827
53.3089
60.0977
61.2698
61.6117
61.8559
56.9963
60.4884
61.1966
61.8315
61.7094
58.0708
60.8547
61.3431
61.8559
61.6606
59.0965
61.2210
61.6117
62.0269
54.8230
59.8535
60.9524
61.9048
61.7582
56.4835
60.2686
61.1233
61.3431
61.9292
57.8755
60.7326
61.4652
61.6850
61.9292
58.7302
61.0012
61.6606
62.0024
57.1917
59.8291
61.0989
61.9292
61.8803
55.8974
59.7558
61.3675
61.8559
61.6606
57.2650
60.3175
61.6361
61.7094
61.8803
58.4371
60.5617
61.5873
61.6361
61.9292
59.2430
61.3675
61.6361
61.7338
53.3089
60.2442
61.4164
61.5140
61.9048
56.9231
60.4396
61.5385
61.8803
61.8315
58.2173
60.7082
61.5629
61.8315
61.8559
58.8523
60.9768
61.5629
61.7582
54.6032
59.5360
61.1722
61.9292
61.6850
56.5324
60.0488
61.2943
61.9780
61.8803
57.7534
60.2442
61.6850
61.8559
62.1978
59.0476
60.7814
61.4896
61.8315
57.7045
59.7070
61.1966
61.8803
61.8071
55.9463
60.3419
61.7338
61.8071
62.1490
57.6801
60.5861
61.6606
61.9292
62.0513
58.8034
61.3431
61.7094
62.0269
61.9292
59.4383
61.2210
61.9048
61.9780
53.3822
60.3175
61.4408
61.8315
61.9780
57.1429
60.5372
61.5873
62.0757
62.1245
58.5836
60.9768
61.5385
62.0024
61.9536
58.9988
61.0501
61.9292
62.1734
55.0672
60.0488
61.3919
61.9292
62.1001
56.7521
60.3907
61.6361
61.9048
62.0757
58.0464
60.7814
61.3431
61.8315
62.1001
58.7546
61.4408
61.6606
61.9536
57.8999
59.8291
60.8303
62.3199
61.7582
55.9463
60.0000
61.4896
62.1734
62.0757
57.5336
60.6349
61.7582
61.9780
61.8559
58.8034
61.0256
61.9292
62.0757
62.1978
59.5604
61.0501
61.6850
61.9780
53.3578
60.2686
61.5385
61.9292
61.9048
57.1184
60.3175
61.7338
61.7827
62.1978
58.3639
60.9524
61.5873
61.9292
62.0269
59.3651
61.1722
61.7338
61.9536
54.7497
59.8535
61.6361
62.0757
62.0513
56.9475
60.3663
61.5385
61.9780
61.9048
58.0220
60.8303
61.7827
61.9292
62.2466
58.9744
61.0745
61.8559
62.0757
57.3382
59.8291
61.3919
61.7094
62.0757
56.0195
60.3419
61.5629
61.6606
61.8803
57.4359
60.6838
61.3675
61.7582
61.6606
58.5348
60.9524
61.6361
61.6606
61.8803
59.3162
61.0256
61.7827
61.8315
53.3333
60.0488
60.8059
61.3919
61.0745
56.8987
59.6825
60.6105
60.7082
60.9280
58.0952
60.6838
61.1966
61.3431
61.5385
58.7790
60.8303
61.0501
61.2943
54.2369
59.1209
60.5861
61.1966
61.2454
56.2637
59.4872
60.8303
61.5873
61.8315
57.5336
60.3419
61.2943
61.6850
61.6117
58.3883
60.9035
60.8547
61.6117
56.3614
59.3162
60.6349
61.6361
61.5385
56.2637
59.8046
61.1966
61.4652
61.6117
57.2894
60.4884
61.0501
61.5873
61.5385
58.1929
60.7326
61.3675
61.4896
61.7094
59.1209
60.6105
61.1966
61.7582
53.0403
59.6825
61.0012
61.7338
61.6606
56.9719
60.0488
61.0989
61.4164
61.2943
58.2906
60.4884
61.0989
61.5140
61.6850
59.0965
60.9524
61.0745
61.5140
54.0904
59.3895
60.7570
61.7827
61.6361
56.7277
59.9512
61.0256
61.4652
61.8803
57.8755
60.9768
61.2698
61.4896
61.5629
58.9988
60.8059
61.0989
61.4896
56.7277
59.4628
60.7570
61.2943
61.4408
55.8486
59.7802
60.8791
61.3431
61.4408
57.2405
60.4640
61.2454
61.6606
61.1477
58.5348
60.4640
61.2943
61.5385
61.3919
58.9988
60.8547
61.5140
61.4896
52.9915
59.5116
60.7814
61.2698
61.5629
57.2405
59.7558
60.7082
61.0745
60.7814
57.9487
60.6105
61.1233
61.6361
61.6850
58.9255
60.6349
61.1477
61.3919
54.0904
59.3895
61.0745
61.2210
61.4652
56.3858
60.0488
61.0745
61.4408
61.7582
57.9243
60.4396
61.2454
61.3675
61.5385
58.6325
60.7570
61.3431
61.3675
56.0195
59.1453
60.8303
61.2698
61.5140
56.2637
60.1221
60.9768
61.2454
61.4652
57.1429
60.1221
61.2698
61.3187
61.7582
58.4615
60.8547
61.3431
61.4896
59.1209
59.2430
60.6838
61.4896
61.4896
52.7473
59.7802
60.9768
61.4408
61.6850
57.1429
60.3419
61.1966
61.5629
61.6606
58.2173
60.6349
61.3187
61.6606
61.7827
58.8278
60.8059
61.2698
61.6606
53.8950
59.4139
60.9035
61.7582
61.6850
56.7033
60.3907
61.2943
61.4164
61.6850
57.9976
60.4884
61.2454
61.5385
62.0757
58.8523
60.6349
61.2454
61.4896
55.8486
59.3895
61.1966
61.4652
61.5873
56.1416
59.6093
61.2210
61.4652
61.8315
57.5824
60.2442
61.2454
61.5629
61.8315
58.6569
60.1465
61.4164
61.5629
58.7546
59.3651
60.6593
61.4408
61.6606
55.8486
59.8046
61.2698
61.6361
61.5629
57.2894
60.1709
61.0745
61.7094
61.7094
58.4371
60.6838
61.4408
61.5629
61.8315
59.0965
60.4151
61.2943
61.3675
54.0659
59.5116
60.9280
61.3919
61.7338
56.7033
60.0000
61.1722
61.7338
61.7582
57.9731
60.6105
61.3431
61.6361
61.8315
58.8767
60.8303
61.1722
61.5385
55.7753
59.4383
61.0501
61.4896
61.7827
56.2637
59.9756
60.9280
61.6606
61.7827
57.4359
60.3419
61.4408
61.7827
61.6361
58.5348
60.6349
61.1722
61.7827
58.9255
59.1209
60.9280
61.3919
61.5873
55.3114
60.0488
61.1233
61.3675
61.5385
56.9719
60.3663
60.9524
61.5140
61.6361
58.1929
60.6838
61.3431
61.6361
61.8315
59.3651
60.6838
61.9292
61.7582
53.7241
59.6825
60.9524
61.2698
61.6606
56.7521
60.0488
61.2943
61.6117
61.7338
58.0220
60.3419
61.3431
61.0256
62.0024
58.6325
60.6838
61.6361
61.8559
55.8242
59.6093
61.0501
61.6606
61.6850
56.3858
60.0977
61.2943
61.4164
61.7582
57.7534
60.4640
61.3431
61.6606
61.6117
58.4127
60.5617
61.2943
61.4408
58.8278
59.4628
60.9524
61.4896
61.4896
55.5800
59.9512
61.1722
61.8071
61.5629
57.3138
60.5128
61.3919
61.6850
61.7582
57.9243
60.4884
61.2210
61.5385
61.8559
58.8523
60.9280
61.0989
61.7827
53.5531
59.5604
61.0501
61.5629
61.6117
56.7766
60.2442
61.2210
61.7338
61.4896
58.0708
60.6593
61.2454
61.9292
61.9292
58.9744
60.7326
61.2210
61.7338
55.3602
59.6337
60.9280
61.5140
61.5385
56.5812
59.9512
61.2210
61.4164
61.5873
57.4359
60.4884
61.1722
61.8315
61.8315
58.6081
60.5617
61.3675
61.7094
57.9731
59.1941
61.0989
61.5629
61.7338
55.7998
59.7802
61.4164
61.7582
61.8071
57.1673
60.4151
61.3919
61.5140
61.9292
58.2662
60.3419
60.4640
61.5629
61.6361
58.9988
60.8547
61.4164
61.7582
52.8938
59.4139
61.3675
61.5140
61.7582
56.8742
60.3663
61.1477
61.5873
61.6361
57.8510
60.6349
61.5629
61.7827
61.7582
58.9011
60.9768
61.5629
62.0269
55.2869
59.4139
61.0989
61.4408
61.6850
56.0928
60.0488
61.1477
61.5385
61.7582
57.5824
60.3419
61.2454
61.6361
61.7094
58.7546
60.6593
61.6606
61.9780
57.6068
59.2918
60.9768
61.4408
61.6850
55.7265
59.8046
61.0989
61.3431
61.6606
57.2405
60.2198
61.3675
61.7827
61.8315
58.3150
60.6105
61.6117
61.7582
61.7582
59.1453
60.9035
61.4408
61.5873
53.4310
59.6337
61.1966
61.3431
61.9780
56.9719
60.2198
61.4896
61.7582
61.4164
57.9976
60.4884
61.5873
61.7094
61.7338
59.0476
60.9280
61.4408
61.8803
54.7497
59.7070
61.3187
61.5629
61.7338
56.4591
60.1465
61.1722
61.6850
61.7827
57.9731
60.6105
61.5873
61.8071
61.5629
58.9255
60.6105
61.3431
61.8803
57.4603
59.5116
61.1722
61.1966
61.7094
55.5067
60.1709
61.2698
61.6606
61.9292
57.5824
60.3419
61.2943
61.5629
61.9536
58.4860
60.6349
61.3187
61.7094
61.7094
59.0720
60.9524
61.3187
61.6606
53.3089
59.7070
61.1477
61.4164
61.9780
56.9963
60.2686
61.3431
61.7582
61.9048
58.1197
60.4884
61.3919
61.8315
61.7338
58.7546
61.0501
61.1477
61.6361
54.9451
59.4628
60.9524
61.4164
61.5873
56.7277
60.1709
61.2454
61.5140
61.6606
57.4847
60.3419
61.4896
61.6361
61.9536
58.6081
60.9035
61.2698
61.6850
57.0696
59.2186
61.0256
61.2210
61.6117
55.9707
59.7802
61.0501
61.7094
61.7338
57.6313
60.3175
61.3675
61.5140
61.8315
58.5592
60.8303
61.3187
61.5140
62.2711
59.0720
61.0501
61.7582
61.9536
52.9182
59.7070
61.0501
61.5629
61.9536
56.7766
60.1954
61.3675
61.5385
61.9292
58.0220
60.5617
61.3919
61.6606
61.8071
59.0476
60.7082
61.6361
61.8071
54.5788
59.7070
61.2698
61.5629
62.0269
56.2637
60.0488
61.0256
61.7582
61.7094
57.7778
60.5128
61.2454
61.9048
61.7582
58.7546
60.7326
61.3675
61.7827
57.1673
59.3651
60.9035
61.8559
61.7094
55.8242
59.9267
61.0501
61.6361
61.9048
57.2894
60.4884
61.4408
61.6606
61.7338
58.4371
60.4884
61.3919
61.7827
61.6850
58.9744
60.7814
61.5873
61.6361
53.1624
59.8046
61.1477
61.7582
61.6850
56.9231
60.2930
61.7338
61.6117
61.8071
58.0708
60.7570
61.2943
61.6850
61.8071
58.8767
60.8059
61.4652
61.7094
54.2613
59.6581
60.9524
61.2943
61.7094
56.3614
60.3175
61.2210
61.7582
61.7827
57.8510
60.6105
61.4164
61.7094
61.5873
58.4860
60.5617
61.5873
61.7582
56.7033
59.3162
60.9035
61.7582
61.5629
56.0440
60.1954
61.2943
61.7582
61.6606
57.6557
60.3663
61.3919
61.6117
61.8071
58.3883
60.8059
61.6606
61.9536
61.7582
59.7802
61.0256
61.4652
61.9780
52.7473
59.6825
61.3431
61.4408
61.7338
57.0452
60.3907
61.2454
61.7827
61.8559
58.2906
60.5372
61.4652
61.6361
61.7827
59.0476
60.7082
61.4164
61.9536
54.5543
59.6337
61.1966
61.2943
61.7582
56.7033
60.1954
61.2454
61.6850
61.9292
57.9243
60.5617
61.2210
61.8071
61.8071
58.8523
60.6593
61.5140
61.9292
56.9475
59.6093
61.1233
61.5140
61.5873
55.6777
59.9023
60.9035
61.9048
61.9536
57.3626
60.2930
61.2698
61.5385
61.6850
58.5104
61.3187
61.2210
61.9780
61.8803
59.2430
60.8791
61.4896
61.7338
52.8449
59.5360
61.0012
61.6361
61.7338
57.2894
60.5861
61.2210
61.8559
61.8071
58.2662
60.5861
61.2454
61.5629
61.8559
59.0965
61.0012
61.3675
61.7338
53.7241
59.8291
61.0745
61.6117
61.6850
56.7033
60.3419
61.0745
61.7827
61.7338
58.0220
60.4151
61.3187
61.7582
61.9292
58.9011
60.6349
61.3675
61.7582
56.2637
59.2674
61.0989
61.4652
61.7338
56.1172
59.9512
61.0745
61.4896
61.6117
57.3382
60.2442
61.4652
61.4896
61.6850
58.4371
60.6838
61.5140
61.5873
61.5140
59.4139
61.0501
61.4652
61.7094
53.2112
59.6337
60.7326
61.6850
61.5385
57.3382
60.3175
61.5140
61.7827
61.9292
58.3150
60.4396
61.0745
61.7582
61.9292
59.2186
60.9768
61.5140
61.6117
54.5055
59.5360
60.9768
61.5385
61.5873
56.5568
59.8291
61.3675
61.5629
61.8315
57.8266
60.5128
61.3919
61.5873
61.6606
58.9255
60.7570
61.5140
61.7827
56.1416
59.3895
61.0989
61.6117
61.8315
56.0928
60.0488
61.3919
61.8559
61.9292
57.5824
60.5861
61.3431
61.5873
61.7582
58.7790
60.8059
61.8071
61.5629
60.1221
59.1941
61.0012
61.3431
61.6117
52.6984
59.9267
61.0745
61.4652
61.7094
57.0452
60.3419
61.4408
61.7582
62.1245
58.3394
60.6105
61.5140
61.8559
61.8071
59.2918
61.0256
61.2698
61.8315
53.9194
59.6093
61.2943
61.6606
61.7827
56.5812
60.1221
61.1477
61.3675
61.8559
58.0220
60.5128
61.3431
61.7827
61.8803
58.9255
61.1722
61.6117
61.7582
55.9463
59.7314
61.0745
61.5385
61.6606
55.9951
60.1221
61.2454
61.4408
61.5873
57.5336
60.2198
61.3919
61.3919
61.5629
58.7546
60.5372
60.9768
61.3919
60.2930
59.4383
60.8791
61.5873
61.3675
55.1648
60.0244
60.9524
61.0501
61.7338
57.3138
60.0488
61.1722
61.5385
61.6117
58.1197
60.6105
61.1233
61.8315
61.7338
59.1941
60.8303
61.5629
61.7338
54.3590
59.7314
61.1477
61.3675
61.6361
56.8498
59.7314
60.7082
61.5629
61.4652
58.0708
60.2686
61.4652
61.5873
61.5140
58.9988
60.7570
61.5873
61.8559
56.3858
59.7070
60.7326
61.6606
61.8803
56.4835
60.1954
61.0501
61.5629
61.8315
57.5336
60.3175
61.1966
61.5385
61.5873
58.4615
60.7326
61.3675
61.9292
60.1954
59.4872
60.7814
61.5629
61.5385
55.3114
59.8535
61.1477
61.6606
61.4896
56.9475
60.1709
61.2943
61.5873
61.6850
58.3150
60.6838
61.3919
61.3431
61.5629
58.8767
61.0989
61.7582
61.4896
54.2613
59.7558
61.1966
61.5629
61.3919
56.8498
60.1954
61.2698
61.6117
61.3431
58.0220
60.6349
61.3431
61.6361
61.5385
58.9499
60.8547
61.3431
61.5873
56.1416
59.2186
60.8791
61.2454
61.6606
56.3126
60.3663
61.1722
61.5385
61.5629
57.4847
60.2198
61.2210
61.5873
61.7094
58.7790
60.7082
61.4408
61.7827
58.9988
59.6337
60.8303
61.3675
61.7582
55.4335
60.0244
61.0989
61.8315
61.6606
57.2894
60.2198
61.3675
61.6117
62.0513
58.4615
60.7570
61.5873
61.4896
61.7827
59.0720
61.1233
61.6606
61.8803
53.7241
59.7802
61.0745
61.5873
61.7094
56.7277
60.1954
61.2210
61.6117
62.0024
58.0220
60.8059
61.6117
61.8071
61.7094
58.9988
61.0501
61.5385
62.0269
55.6777
59.7314
61.1233
61.5629
61.8559
56.4103
60.2686
61.1477
61.7094
61.3431
57.7778
60.6593
61.2210
61.6361
61.8559
58.7057
60.7082
61.5873
61.6606
58.2418
59.4872
61.2943
61.5140
62.0269
55.6288
60.0977
61.1477
61.8803
62.1001
57.5336
60.6838
61.1477
62.0024
62.3443
58.3883
60.6349
61.6361
61.8803
61.7094
59.1453
61.1966
61.8071
61.8071
53.6508
59.8535
60.8059
61.9048
61.9536
57.1673
60.3663
61.1966
61.5140
62.0269
58.1441
60.9035
61.5629
61.7338
61.7827
58.9011
61.0989
61.2698
62.1490
55.6044
59.4383
61.2698
61.6117
61.8803
56.4835
60.3419
61.4652
61.7338
61.9536
57.7534
60.2930
61.5873
61.9048
61.9536
58.8523
60.7082
61.7582
61.8803
58.2173
59.3162
61.1477
61.6606
61.9292
55.7998
59.8291
61.2210
61.7827
61.8071
57.2405
60.1709
61.6850
61.5873
61.8071
58.6325
60.8547
61.2943
61.8803
61.7827
59.3162
60.9768
61.7094
61.8071
53.5775
59.8291
61.0012
61.4164
61.5385
56.8987
60.1221
61.3919
61.8803
61.9048
58.1929
60.5617
61.6850
61.6606
62.0269
58.7302
60.8059
61.5873
61.5629
55.3358
59.4628
61.0989
61.3919
62.0513
56.4835
60.1465
61.1722
61.8071
61.9292
57.7778
59.9756
61.5629
61.7582
61.6117
58.7057
60.8303
61.5629
61.9780
58.0464
59.4628
61.0012
61.6606
61.6850
55.8730
60.1221
61.0989
61.6117
61.6850
57.4847
60.4640
61.3919
61.5873
61.5873
58.4371
60.6349
61.2943
61.3919
61.8071
59.1941
61.1722
61.5140
61.7338
53.4066
59.8046
60.8791
61.5140
61.7582
56.5568
59.9756
61.3919
61.6117
61.8559
58.0220
60.5128
61.3919
61.7338
61.6117
59.0232
60.6593
61.4652
61.6117
55.0183
59.5360
61.1722
61.5140
61.7338
56.2637
60.2198
61.0501
61.6361
61.7827
57.5580
60.3663
61.3431
61.6850
61.8071
58.6569
60.8547
61.3675
61.8071
58.1197
59.4383
60.8791
61.4896
61.6606
55.7265
59.9512
61.1966
61.3675
61.4164
57.2650
60.3175
61.4652
61.9048
61.9292
58.4371
60.7082
61.2943
61.6361
61.5385
58.9255
60.8547
62.0024
61.5629
53.5775
59.7558
61.0989
61.6361
61.7827
57.1184
60.2442
61.2210
61.7338
61.8315
58.1685
60.4396
61.3187
61.7582
61.8803
58.9255
60.8303
61.5873
62.0269
55.0183
59.6093
60.9768
61.7827
61.7582
56.4591
59.9512
60.8059
60.9524
61.1233
57.7045
60.2442
61.1966
61.7338
61.7827
58.6325
60.6349
60.8547
61.6117
58.5348
59.7070
61.1722
61.3919
61.4164
55.6777
59.9512
61.0501
61.2698
61.6117
57.4115
60.4640
61.2210
61.5629
61.6361
58.6813
60.8059
61.5873
61.4896
61.8071
59.4383
61.0256
61.2698
61.6361
53.3822
59.7802
61.2210
61.5629
61.8559
56.9963
60.2686
61.3187
61.4652
61.5140
58.1441
60.1709
61.4896
61.8071
61.6606
58.9499
60.8303
61.3675
61.6361
55.6288
59.7070
60.8303
61.6361
61.3187
56.2882
60.1221
61.0745
61.4896
61.6361
57.7045
60.4884
61.0256
61.5873
61.8315
58.5104
60.3907
61.3187
61.2943
58.8278
59.3895
60.7082
61.0745
61.2210
55.6288
59.7070
60.9280
61.1966
61.3431
57.1184
59.9756
60.8547
61.2943
61.4164
58.2173
60.2198
61.0256
61.3187
60.8791
59.0232
60.5861
61.1477
61.4164
53.6752
59.5360
60.9280
61.4164
61.4408
57.1673
59.9023
61.1233
61.4652
61.7094
58.0464
60.1465
61.0501
61.4896
61.2210
58.6325
60.7814
61.4652
61.3919
55.9707
59.3407
60.7814
61.1477
61.1477
56.2882
59.5116
60.9768
61.3431
61.5873
57.7778
60.4396
61.4408
61.4408
61.4408
58.9011
60.5128
61.3187
61.6606
58.3394
59.4628
60.9035
61.5873
61.7338
55.9219
60.1465
61.2210
61.4896
61.5873
57.2405
60.0000
61.1233
61.4408
61.9048
58.4127
60.7326
61.5140
61.6606
61.5873
59.6581
61.5385
62.1978
62.5397
53.3578
61.7338
64.5910
66.9109
66.8620
59.4139
66.2027
67.0086
67.1551
66.4225
61.9780
66.3492
66.8376
66.9353
66.9597
63.6630
66.1783
66.1538
65.3480
55.6777
64.5910
66.7644
66.9353
67.1062
58.4860
64.9817
66.5690
67.1062
67.0330
61.2698
65.2259
66.8865
67.2527
67.3748
63.2967
65.9096
66.8865
67.6190
58.7546
63.9316
66.4713
67.3504
67.2039
57.0452
64.8352
67.4725
66.8620
66.9597
60.8059
66.5934
67.7656
67.9854
67.3993
62.5397
64.7131
63.5409
65.1282
67.9121
63.6386
65.4701
66.3004
66.6911
53.3822
65.2991
66.2515
67.3260
67.5458
59.6581
65.4945
67.0574
67.5702
67.9365
62.0757
66.2027
67.1306
67.6679
67.5214
63.4921
66.2759
66.9597
66.8620
55.3114
64.4933
66.5446
67.3748
67.8633
58.4127
65.3968
67.0818
67.6435
67.9854
61.2698
65.8120
67.3993
67.6190
67.6190
62.9060
66.5690
67.6435
67.6435
58.4127
64.0537
66.6423
67.0818
67.3504
57.3871
65.1282
66.9597
67.6923
67.6190
60.3663
65.5189
67.1795
67.4969
67.4481
61.7827
65.9829
66.9353
65.8852
66.2027
63.5165
66.2515
66.9353
67.2039
52.6496
64.5910
66.6911
67.2039
67.0818
59.5116
65.2259
66.7888
67.6679
67.6190
61.9780
66.3248
67.2527
67.6679
67.9365
63.2967
66.5934
67.5946
67.6435
54.8962
64.3468
67.0574
67.4725
67.6923
58.3639
65.0549
67.2527
67.5214
67.5458
61.0256
65.8364
67.0818
67.5946
67.2527
62.6129
66.0317
67.1551
67.6190
57.6801
64.0049
66.4713
67.2772
67.4725
57.1917
65.2991
67.2039
67.5458
67.8388
60.3419
65.8364
67.3260
67.5946
67.9609
62.3932
66.1538
67.6923
67.9365
63.5897
64.2247
66.8865
62.2711
62.8327
52.1856
60.5617
62.7839
63.2234
63.6386
57.7289
61.9780
63.0769
63.7607
63.6630
59.2430
62.7106
63.5897
64.1270
64.2979
61.2210
63.4188
64.3712
64.5665
53.3333
62.2222
64.1026
64.5910
64.8840
57.5580
63.1502
64.3956
64.7619
65.0549
59.7314
63.4676
64.4200
64.9328
65.1038
61.0745
63.9072
64.6642
64.6642
55.4090
61.9292
63.7363
64.1270
64.5177
56.4835
62.3932
64.1270
64.6642
64.7131
58.5104
63.1746
64.1758
64.6886
65.0061
60.5372
63.4921
64.6886
65.1038
59.6581
62.0024
64.0293
64.7619
65.0061
54.9451
62.5885
64.3956
65.0305
65.2259
58.4860
63.2967
64.6642
64.9817
65.2015
59.9023
63.3700
64.3223
63.5653
63.8095
60.8059
63.1502
63.8828
64.1758
53.0891
61.5140
63.1013
63.8339
64.2247
57.3626
61.9780
63.2967
63.7363
64.5910
58.7302
62.2711
63.6386
63.9560
64.3956
60.0000
63.1013
64.1026
64.1514
54.4811
61.1477
63.3455
64.2002
64.6642
56.7033
62.1490
64.0049
64.3712
64.5665
58.7057
62.6862
64.0781
64.7375
64.8107
60.2198
63.3700
64.3223
64.8596
58.9988
61.4408
64.0049
64.5665
64.9817
55.1893
62.3932
64.4689
65.5434
65.3236
58.3883
63.2479
64.4933
64.8840
65.2747
59.7070
63.8584
64.6642
65.1038
65.2259
61.0012
64.2002
65.2503
65.3724
53.1380
62.6862
64.7375
65.2015
65.6655
57.6557
63.1990
65.0061
65.3236
65.5434
59.2674
63.6386
64.9573
64.9084
65.4945
60.4884
64.3468
65.1038
65.7631
55.4090
62.3199
64.5177
65.3236
65.6410
51.5507
50.3785
50.1099
50.2320
50.2076
50.0611
49.7680
49.8169
50.0855
50.2808
50.0611
49.8169
49.7436
49.8901
49.6459
50.0611
50.1343
50.2076
50.1099
49.8413
49.9634
49.8901
49.9878
50.0611
49.6948
49.7924
49.9390
50.0122
50.0855
50.0366
50.0122
49.9390
49.7436
50.0855
49.7680
50.1343
49.7924
49.8657
50.1099
49.8657
50.1832
50.0855
50.0611
50.0366
50.2076
50.0122
50.1099
50.2076
50.0611
50.0855
50.2320
49.9390
50.1343
49.7436
50.1099
50.0122
49.8169
50.1587
49.9634
50.1099
50.1587
50.4518
50.1099
50.0611
50.2076
50.0122
49.6948
50.5739
50.0122
49.8413
49.9390
49.8413
50.1587
50.1587
49.8413
50.0122
50.0122
49.8901
49.9390
50.0366
50.1343
49.8169
49.9145
50.4518
50.2808
49.9878
50.0855
50.0122
50.0122
50.1099
49.9145
49.9390
50.0855
49.8657
49.7680
50.0855
50.3053
50.1587
49.9390
50.0855
49.9878
49.8657
49.9145
50.2076
50.1587
49.8901
49.7924
50.0366
49.6459
49.7680
49.8657
49.7924
49.8657
49.9145
50.1099
49.7924
49.9390
50.0611
49.9390
50.0855
49.9390
49.6948
50.0122
50.0611
50.2564
49.8413
49.9145
49.9390
49.8901
49.5971
49.8657
50.1343
49.8657
49.8413
49.8169
49.8901
49.7924
50.1587
49.9145
50.1099
49.9145
49.7680
49.5971
49.7680
49.6948
50.1099
50.1343
49.9145
49.8169
50.0366
50.0366
49.8901
49.7192
49.9390
49.8657
49.8657
49.7924
49.9634
49.7680
50.0611
49.9145
49.7436
49.9145
49.7436
49.6948
49.7924
49.8413
49.9145
50.1587
50.1099
49.7924
49.8413
49.7924
49.8657
49.6459
49.7436
49.6948
50.0122
50.0855
49.9390
49.7924
49.9145
49.6215
49.8169
49.9390
49.9145
50.0122
49.9145
49.6703
49.8657
50.0366
49.7924
50.0611
50.1099
49.8169
50.0122
50.1343
49.9390
50.0611
50.2564
49.8901
49.7680
50.2076
49.8901
49.8413
50.0855
49.9145
49.7924
49.8413
50.0855
49.9145
49.9634
49.9145
49.8169
49.7924
49.6703
49.8901
50.0122
49.9390
50.3053
50.0122
49.8413
49.5971
49.7436
50.0122
49.8413
50.1099
49.7436
49.8901
49.7436
50.0366
50.8669
49.8901
50.1343
49.8657
49.7924
49.7680
49.5482
49.7436
49.9634
49.9878
50.1099
49.8169
49.9634
49.9390
49.7924
49.7436
49.7436
49.7680
49.8413
50.1343
49.7924
50.0122
50.0122
49.7680
50.0366
49.7924
49.8657
49.9634
49.7680
50.0366
50.0366
49.8413
49.8657
49.6703
49.9878
49.8413
49.8901
49.7924
50.0122
50.0122
49.7192
49.6459
49.8169
49.8901
49.7680
50.0855
49.6703
50.1832
49.7680
50.0122
50.0366
49.8657
49.7192
49.9634
49.7924
49.9634
50.0122
49.7192
49.8413
50.0611
50.1587
50.1099
50.0611
49.8413
49.9634
49.8413
49.9145
50.0366
49.6703
49.6703
50.0122
49.7436
50.0366
49.9390
50.0366
49.8901
49.8901
50.3297
49.9878
49.6215
49.8901
50.0122
50.0122
50.1832
49.9390
50.1343
50.0611
49.8413
49.7436
49.7924
49.8657
49.5971
50.0122
49.7924
49.7436
49.8413
49.7680
49.9145
49.9634
50.0122
49.7924
49.9145
49.9390
51.0379
50.0122
50.0366
49.5971
49.9390
49.9390
50.1099
49.9390
49.8901
50.0122
50.0122
49.9145
49.8901
50.2320
50.1099
49.7924
49.7680
49.9390
50.1832
50.0611
49.9390
49.9145
50.0122
49.7436
49.7924
49.7924
49.7680
49.9390
49.7924
49.8901
49.7436
50.1099
49.8901
49.9390
49.9634
49.6948
50.0122
49.9145
49.7680
49.9878
49.8169
49.9145
49.8413
49.7436
50.1343
49.8169
49.8657
50.1099
49.7680
50.0611
49.8901
49.5238
50.1343
49.9145
49.9634
50.0122
50.1832
50.1587
50.0122
50.0611
50.0611
49.9390
49.8413
49.7680
49.7680
49.8169
49.7436
49.6948
49.6948
50.0122
50.0122
50.0611
50.1099
50.0366
49.8657
49.7924
50.0366
49.9390
49.9145
50.0611
50.1343
49.8901
50.0855
49.8413
50.0122
49.6703
50.2076
49.8169
50.0122
49.5971
49.6459
49.6215
50.0122
49.8901
50.0366
49.9634
49.8413
49.9145
50.0366
49.8657
50.0855
50.1832
49.8901
49.9634
49.9145
50.0122
50.2808
50.0366
50.0122
49.4506
49.8657
50.2076
50.3541
50.0366
49.8657
49.8901
49.8901
49.8657
50.0855
49.9145
49.5727
49.7192
49.7680
49.7680
49.6948
49.8657
50.0122
49.8413
49.8413
49.7680
49.9145
50.0122
49.8169
50.0611
49.9390
49.7680
49.7436
50.3785
50.1587
49.6948
50.1099
50.2076
50.0366
49.7436
49.9634
50.0855
49.7924
50.1099
49.8413
50.0611
50.0855
49.7924
49.8657
49.9390
50.0122
49.6948
50.0366
49.9390
50.0366
49.8901
49.9390
50.0366
49.9145
49.7680
49.9145
49.8657
49.8657
49.6948
49.7924
49.8657
49.8901
49.7436
49.7436
49.8413
49.7924
49.7924
49.7924
50.2076
49.7924
49.8657
50.0122
50.0611
49.8901
50.0122
50.0366
49.8657
49.7436
50.1343
50.0611
49.9390
50.1099
49.8901
49.7436
49.9878
49.4994
49.8901
49.8657
50.1099
49.9390
49.8413
49.8413
49.7924
50.1099
49.8413
49.6948
50.1099
49.8901
49.7436
50.0122
50.1099
50.0366
50.2076
49.7436
49.7924
49.8169
49.7436
49.8657
49.7924
49.8169
50.0611
49.8901
49.8413
50.0611
49.9145
49.8901
50.1099
49.7924
49.7192
49.6948
49.9145
49.8657
50.5739
49.9634
50.0366
49.9390
49.7680
49.8413
49.9145
49.7436
49.8657
50.0366
49.6703
49.9145
49.7680
49.8413
49.7436
50.0366
49.6948
50.1343
50.0122
50.0366
49.8413
50.0611
50.0366
49.7436
49.2552
49.9145
50.2076
49.8901
49.8169
49.8169
50.0611
49.9634
49.8901
50.0611
49.9145
50.0122
50.0122
49.6948
49.9390
49.5971
50.1832
50.0366
49.6703
49.7924
49.6948
49.8413
49.8657
49.6703
49.9390
49.6948
49.9634
49.8657
49.9634
50.0122
49.8169
49.7436
50.0366
49.9634
50.2076
49.7436
49.7436
50.0855
50.2808
50.1099
49.6948
49.9390
50.0122
49.9878
49.7192
49.8169
50.2076
49.9145
49.6703
49.8901
49.8657
49.8413
49.7192
49.8657
50.1832
50.0366
50.0366
49.8169
50.0855
49.7924
49.9390
49.8901
49.8901
49.7924
49.8657
50.1832
50.1099
49.7924
49.9145
49.9634
49.7680
49.9390
50.1587
49.8901
50.2564
49.8413
50.0122
50.0122
49.8901
49.9145
49.8901
50.0122
49.7680
49.8901
49.9878
49.8413
49.9390
50.0611
49.7192
49.8169
49.8657
49.7924
49.4994
49.9145
49.8169
49.7924
49.8413
50.1099
50.0122
50.0366
49.8657
50.1099
49.8169
49.6703
50.0122
50.0366
49.7192
49.7680
50.0611
49.8657
49.8657
49.6459
49.5238
49.7924
49.9878
49.7924
49.8657
49.9390
49.7680
49.9390
49.8901
50.1343
50.2320
50.0122
50.0611
49.9390
49.9390
50.0611
50.1099
49.8413
50.0122
50.0122
50.0366
49.8169
50.0855
50.1099
49.7680
49.8413
50.0366
49.7924
49.7924
49.8413
50.0611
49.8901
49.8901
49.9634
49.9390
50.1099
49.9390
49.8901
49.7436
49.9390
49.9145
49.9390
49.7436
50.0122
49.6948
50.0122
49.9145
50.0855
50.1343
49.7436
49.9878
50.2564
50.0366
50.0366
49.8657
49.7924
49.9390
49.9145
49.9390
50.0855
50.0122
49.9390
49.8413
49.9145
50.0122
50.2320
49.8413
50.2076
49.8901
49.9145
49.8413
49.8169
50.0122
49.8169
49.8413
49.9145
49.9390
50.5250
49.9390
49.8657
50.0611
50.1587
50.1587
49.8413
49.7924
49.9145
50.1343
50.0855
49.5727
49.6459
49.8901
50.0611
50.1343
49.8901
50.1099
49.8169
49.7924
50.3053
49.7192
49.7436
49.8413
49.8169
50.0122
50.0122
49.6703
50.1099
49.8169
49.9145
50.0122
50.1343
50.0611
50.0122
50.0611
50.2564
50.1587
49.6215
49.8413
49.8413
49.8901
49.7192
49.8657
49.9145
50.1099
49.6703
49.7436
50.0122
50.0366
49.8901
49.9390
49.8657
49.8169
50.0611
49.9634
49.9390
49.7924
49.7680
49.7680
49.6703
49.7924
49.8657
49.5971
49.8413
50.0122
49.9634
50.0366
50.0122
50.0366
49.7680
47.7167
42.2222
40.2198
39.5116
39.3651
42.4420
40.3419
39.7070
39.0232
39.3162
41.5873
40.1221
39.3407
39.3895
43.4676
40.8303
40.1465
39.3162
39.1697
43.3944
40.3419
39.8535
39.2430
39.1697
42.5641
40.2198
39.7070
39.4139
39.1941
41.7582
40.0488
39.4872
39.5116
41.7582
41.2698
40.0733
39.5604
39.1697
43.8584
40.6349
39.7070
39.3407
39.2918
43.1013
40.4396
39.5849
39.6825
39.2430
42.0024
40.3663
39.5604
39.3162
40.0244
41.4652
39.9756
39.7314
39.3651
44.4200
40.9524
39.5604
39.4628
39.2918
43.1502
40.5861
39.9023
39.3895
39.0720
42.5153
40.2686
39.6581
39.2918
39.1697
41.8803
40.1221
39.6093
39.3407
43.5897
41.0501
39.7558
39.5360
39.3162
43.6142
40.6838
39.5849
39.3895
39.0720
42.6129
40.4151
39.6093
39.3407
39.0720
42.0024
40.3175
39.5116
39.3895
42.2222
41.2698
39.7314
39.6093
39.5604
44.1758
40.9524
39.6581
39.5116
39.2918
42.8571
40.3663
39.6093
39.5604
39.4139
42.0513
40.0000
39.6825
39.2186
40.1465
41.4896
40.0977
39.3162
39.2186
44.3712
40.9035
39.8291
39.3895
39.0720
43.4188
40.5861
39.6337
39.3651
39.0720
42.2466
40.6349
39.7558
39.1941
39.3895
41.5385
40.0000
39.5849
39.4628
43.6386
41.1722
39.8779
39.5849
39.3162
43.5165
40.6349
39.8535
39.4139
39.2674
42.3199
40.4640
39.6337
39.5360
39.3407
41.4164
40.2930
39.4383
39.1453
42.2955
41.3431
40.1221
39.3895
39.2918
44.0049
40.7570
39.6337
39.5360
39.3895
43.0769
40.4884
39.4139
39.3895
39.5604
42.3199
39.9512
39.5604
39.3895
40.5128
41.3675
40.0488
39.6337
38.6325
44.3223
41.0501
39.8291
39.4628
39.4628
43.0769
40.4151
39.7070
39.2674
39.2430
42.3932
40.0488
39.4872
39.3162
39.1697
41.5873
39.8046
39.5116
39.5116
43.9072
41.2698
39.6337
39.2186
39.4139
43.4676
40.3663
39.7558
38.9255
39.2186
42.3199
40.3663
39.3895
39.1209
39.2430
41.6606
39.8535
39.2674
39.1209
42.4176
41.2454
39.7314
39.4872
39.2674
43.7363
40.8303
39.6093
39.0965
39.1453
42.7106
40.3175
39.7558
39.4139
39.2186
41.7582
40.2686
39.4139
39.0965
40.5617
41.3431
40.2442
39.5849
39.3162
44.2491
41.1233
40.1954
39.5849
39.3651
43.3211
40.5128
39.5116
39.3651
39.5116
42.4420
40.2198
39.6337
39.1941
39.3407
41.4164
40.0977
39.4139
39.3407
44.0537
41.1722
40.0488
39.4872
39.5604
43.6142
40.7326
39.7314
39.3651
39.2186
42.5885
40.4640
39.6825
39.4383
39.3407
41.6361
39.9756
39.5849
39.4872
42.3199
41.2943
39.9756
39.8291
39.1209
43.9560
40.8547
39.9512
39.5116
39.2674
43.1013
40.6838
39.7802
39.4628
39.0720
41.8803
40.2198
39.4383
39.4383
40.6838
41.5385
40.1221
39.3895
39.4139
44.6886
41.1233
39.8291
39.4872
39.2918
43.1258
40.7326
39.7558
39.7802
39.4628
42.3199
40.2198
39.4628
39.6825
39.5116
41.6117
40.2930
39.3407
39.3895
44.0781
41.0012
39.9023
39.9512
39.3407
43.5165
40.7814
40.0977
39.6581
39.4139
42.6374
40.6593
39.7802
39.5849
39.5849
42.0269
40.1709
39.6093
39.4628
42.4908
41.7094
40.1709
39.6825
39.5849
43.8339
40.6593
39.8291
39.5116
39.6581
42.7595
40.6105
39.9023
39.6093
39.5116
42.0513
40.5128
39.7558
39.5849
40.8547
41.5385
40.2442
39.7558
39.2918
44.2002
40.9280
40.1954
39.8291
39.4872
43.0037
40.6349
40.0977
39.6093
39.3895
42.5153
40.6105
39.9023
39.7802
39.5360
41.3675
40.3175
39.7802
39.6581
44.0537
41.3187
40.0977
39.8779
39.6093
43.4921
40.8791
39.9267
39.7558
39.6825
42.7350
40.6105
39.8779
39.5360
39.6825
41.9780
39.9756
39.8291
39.4872
42.7350
41.5140
40.1221
39.9023
39.6581
43.8339
40.8547
40.0000
39.5849
39.5360
42.9304
40.7082
39.7802
39.8779
39.3407
41.9048
40.4640
39.7314
39.4872
40.9768
41.5629
40.0733
39.7070
39.6825
44.2002
41.0745
39.9023
39.4872
39.6581
43.3211
40.8791
40.1221
39.6337
39.4872
42.3932
39.9756
39.9023
39.7070
39.7314
41.5629
40.1709
39.7070
39.5604
44.2002
40.8791
39.9267
39.6093
39.4139
43.3700
41.0501
39.8779
39.7070
39.3651
42.4908
40.3663
40.1465
39.5849
40.0733
42.0269
40.3663
39.8535
39.4628
42.7595
41.5140
39.9023
39.6093
39.5360
43.7363
41.1233
40.0488
39.6337
39.4872
42.7350
40.7814
39.8535
39.7802
39.7558
42.1245
40.4640
39.7558
39.4628
41.4652
41.4408
40.3419
39.8535
39.4139
44.0537
41.2698
39.9023
39.7314
39.6581
42.9304
40.8303
40.2198
39.5849
39.7314
42.0757
40.1465
39.6581
39.5360
39.5849
41.4652
40.3419
39.6581
39.7070
44.1270
41.2454
40.1709
39.4383
39.9023
43.1990
40.7814
40.2442
39.6093
39.5604
42.5397
40.5128
40.0733
39.6825
39.5360
42.0024
40.4396
39.4872
40.1954
42.8571
41.2454
39.9267
39.8535
39.5604
43.9805
41.0745
39.8291
39.5849
39.4383
42.7350
40.5617
39.8535
39.4628
39.8046
42.2222
40.2198
39.8535
39.8779
41.3919
41.4896
40.1954
39.8291
39.8291
44.2979
41.1233
40.1954
39.7314
39.7802
43.2723
40.7814
40.0977
39.8291
39.5849
42.1490
40.7814
39.9267
39.6337
39.7070
41.5385
40.1709
39.9756
39.6825
44.7131
41.1477
40.2686
39.9267
39.8046
43.6142
40.9035
40.0733
40.2686
39.8046
42.5397
40.7570
40.0977
39.6825
39.7314
42.1978
40.3175
39.6581
39.8291
43.0281
41.4164
40.0733
39.6581
39.6581
43.6386
40.8303
40.1954
39.7314
39.8046
42.9304
40.6593
39.9512
39.8535
39.5116
42.1490
40.3663
40.0488
39.9023
41.5140
41.7094
40.6349
39.8046
39.7314
44.4200
41.1477
40.2442
39.7070
39.5604
43.0769
40.7326
40.1709
39.6581
39.4628
42.4908
40.5861
39.8046
39.6337
39.7070
42.0513
40.3175
39.7802
39.5849
44.3712
41.2943
39.9267
39.6825
39.5604
43.5653
40.6105
40.0733
40.0488
39.3895
42.5885
40.4884
40.0000
39.8535
39.8291
42.1734
40.4151
39.6581
39.8779
43.1258
41.3187
40.2198
39.6581
39.4872
43.9805
40.6593
39.8535
39.5849
40.1954
42.8083
40.6838
40.2930
39.7802
39.9023
42.0269
40.5617
39.8046
39.9023
41.4896
41.6361
40.4151
39.9023
39.6337
44.2735
41.0256
40.2442
39.5604
39.6093
43.2479
40.8791
40.0244
39.8291
39.5604
42.4420
40.4151
40.5617
39.5360
39.5849
41.7338
40.2686
40.0244
39.7070
44.9084
41.2943
39.9756
39.7070
39.5360
43.3700
40.7814
40.2930
39.5360
39.7558
42.4176
40.5372
39.8046
39.8291
39.4872
41.9048
40.1954
39.8779
39.8291
43.2723
41.4896
40.2686
39.7070
39.7802
43.8584
40.5861
39.9756
39.8291
39.6093
42.6374
40.5128
40.0733
39.6337
39.5360
42.0757
40.3419
39.7070
39.7802
41.7338
41.6850
40.3419
39.7314
39.8779
44.1758
41.0501
40.2930
39.7070
39.6581
43.1990
40.8547
39.8779
39.6337
39.6337
42.3199
40.6349
40.0000
39.4872
39.8779
41.7094
40.3907
40.0977
39.7558
45.7387
41.3187
40.0977
39.8046
39.7558
43.5409
40.8303
40.0488
39.5360
39.3162
42.3687
40.6593
39.7558
39.5604
39.3895
42.1001
40.1465
39.8535
39.7314
43.4432
41.1722
40.0244
40.0733
39.7314
43.7851
41.1722
40.0977
39.7314
39.6093
42.9792
40.7082
40.1221
39.6581
39.5360
42.1001
40.3663
39.6093
39.6093
41.8071
41.2454
40.3175
40.1221
39.6825
44.0049
41.0989
39.9512
39.6337
39.5360
43.2479
40.5861
40.0733
39.8291
39.5360
42.4908
40.3663
39.9267
39.5360
40.0488
41.4896
40.2442
39.9512
39.7802
44.7375
41.1233
40.1709
39.8535
39.4139
43.2479
40.8059
40.1954
39.6093
39.6825
42.6129
40.5861
39.7802
39.7314
39.4383
41.7338
40.5617
39.9267
39.5604
43.4432
41.5385
40.2442
39.9267
39.6825
43.4921
41.1477
40.1221
39.9512
39.4383
42.9060
40.6593
40.1709
39.5116
39.8535
42.1001
40.4884
39.9756
39.7070
42.1001
41.5629
40.4151
39.8291
39.9756
44.0049
41.0989
40.3663
39.5849
39.5604
43.0769
40.8303
39.7070
39.6093
39.8535
42.4908
40.5128
39.7070
39.6825
40.3907
41.6850
40.2686
39.7802
39.5849
44.7131
41.3187
40.1954
39.7070
39.4872
43.3944
40.6349
40.2442
39.7802
39.8779
42.5885
40.3419
40.0000
39.8046
39.5604
42.1001
40.7570
39.7070
39.8046
43.8584
41.0989
40.0488
39.8779
39.5849
43.7851
40.9280
40.0488
39.8046
39.4872
42.8083
40.5861
39.8779
39.9756
39.6581
42.0269
40.1954
39.9756
39.7802
42.1490
41.2698
40.3663
39.7802
39.6581
43.8584
41.2210
40.1709
39.7070
39.7070
43.0525
40.8303
39.9267
39.6093
39.8046
41.9536
40.3663
39.5116
39.7802
40.2442
41.7338
40.3419
39.7802
39.6825
44.6886
41.1477
40.0488
39.7070
39.8046
43.3211
40.8791
40.0000
39.9512
39.8535
41.8803
40.1954
40.0244
39.8535
39.9756
41.8071
40.2930
39.9023
39.6337
43.6386
41.5385
40.1221
40.1465
39.8046
43.7363
40.8791
40.0977
39.9267
39.5849
42.7595
40.9524
40.2198
39.6825
39.4872
42.3443
40.3663
40.0244
39.7070
42.2711
41.5385
40.1221
40.1221
39.5604
44.2247
41.0989
39.7558
40.1465
40.0244
43.3211
40.8303
40.0000
39.5116
39.6093
42.3687
40.7082
40.0733
39.7314
40.4640
41.8071
40.2930
39.8291
39.7070
44.6154
41.4896
40.1709
39.6581
39.8046
43.4188
40.9280
39.8535
39.8046
39.4628
42.3932
40.4396
40.1221
39.7802
39.7558
41.9536
40.3907
39.7802
39.7314
44.1026
41.3919
40.2442
39.8535
39.7802
43.6142
40.8303
40.0977
39.5849
39.6337
42.6129
40.7570
39.8535
39.6825
40.1709
41.9536
40.4396
39.6093
39.7314
42.6618
41.4896
40.4396
39.6825
39.7558
43.7118
41.0012
40.0977
39.8291
39.5849
43.0769
40.7082
39.6825
39.6093
39.6825
42.3687
40.3175
39.7802
39.7314
40.7570
41.6361
40.5128
39.5849
39.7558
44.2247
41.2698
40.1465
39.7070
39.8046
43.1258
40.6349
40.0733
40.0733
39.0476
42.7350
40.8059
39.9023
39.6581
39.8291
41.5140
40.3175
39.7558
39.4628
43.8095
41.3675
39.9756
39.8535
39.6337
43.4432
40.8547
40.0244
39.7070
39.7070
42.7839
40.7326
39.7558
39.7070
39.7558
42.1978
40.3419
39.9267
39.8046
42.3687
41.3187
40.3907
39.6581
39.7558
44.0781
40.9035
40.0488
39.8535
39.5116
42.9304
40.7326
39.9023
39.6825
39.6825
42.0024
40.4151
39.6093
39.6337
40.9280
41.3431
40.2930
39.8779
39.5604
44.3223
41.0256
40.3907
39.8535
39.9267
43.1990
40.8059
40.2686
40.0000
39.5604
42.6374
40.6593
39.9267
39.8535
39.9023
41.5873
40.4640
40.3907
40.0488
43.9316
41.4408
40.0488
39.7070
39.8779
43.6142
40.8303
39.9512
39.6581
39.6093
42.7350
40.4640
39.8779
39.9756
39.9267
41.9536
40.3663
40.1221
39.6337
42.8327
41.2943
40.1465
39.5604
39.7802
43.7851
41.0989
40.1709
39.8046
39.4628
42.8083
40.8547
39.8779
39.7314
39.6581
42.1978
40.3175
39.7558
39.5604
40.9524
41.6606
40.4151
39.5849
39.4872
44.2247
41.2698
40.2442
39.6825
39.6825
42.8816
40.6349
39.9023
39.8046
39.6093
42.3199
40.7082
39.7558
39.7802
39.8046
41.5385
40.2686
39.6093
39.8046
44.2735
40.9280
40.5128
39.6581
39.5849
43.4188
40.4396
39.9023
39.6825
39.6581
42.3443
40.3907
39.8291
39.7802
39.6337
41.9780
40.4396
40.0733
39.6337
42.8571
41.2210
39.9756
39.6825
39.6825
43.9316
40.8791
39.9512
39.6337
39.5604
42.9304
40.5372
39.8291
39.6337
39.8779
42.0269
40.0977
39.6337
39.4383
41.1722
41.1966
40.3419
39.8779
40.6105
44.3956
40.9035
40.2198
39.6337
39.6581
43.1502
40.5861
39.8291
39.6825
39.6581
42.5885
40.4640
39.7558
39.7314
39.7070
41.0745
40.3907
39.9267
39.5116
44.4689
41.0501
39.9023
39.5360
39.7558
43.4676
40.8303
40.2442
39.7070
39.7558
42.4908
40.2686
40.0000
39.5849
39.5116
41.8071
40.3419
39.6337
39.5604
43.1258
41.2943
40.1709
39.6093
39.6825
43.9072
40.6838
40.0244
39.6337
39.3895
43.0037
40.5617
39.8291
39.4872
39.2674
42.2222
40.4396
39.8779
39.6337
41.5140
41.3187
40.1954
39.8779
39.5360
44.5910
40.7082
40.2686
39.5849
39.4383
43.0525
40.3663
40.0488
39.8291
39.6093
42.3687
40.3907
39.7802
39.7070
39.4139
41.4164
40.2930
39.6825
39.6581
44.6398
41.0989
40.2198
39.8291
39.6093
43.7363
40.7326
39.9267
39.6093
39.6581
42.4176
40.5861
40.0733
39.2918
39.5849
41.8803
40.3175
39.8046
39.5849
43.2967
41.4652
40.1465
39.8046
39.7558
43.8584
40.9768
39.9512
39.5360
39.3162
42.8083
40.4151
40.0244
39.5116
39.4872
41.9048
40.2930
39.8779
39.3651
41.5873
41.6850
39.6093
39.9023
39.6337
44.0537
40.8059
39.8291
39.5604
39.5360
43.2234
40.8303
40.0244
39.6825
39.5116
42.0269
40.4396
39.8535
39.4628
39.3895
41.4408
40.3907
39.7070
39.6337
44.6642
41.3675
40.0733
39.9023
39.4872
43.4432
40.9035
40.0488
39.6093
39.5116
43.0037
40.4884
39.7558
39.3407
39.6093
41.9536
40.1465
39.7558
39.4628
43.3211
41.3187
40.2442
39.5849
39.6337
43.5897
40.7326
39.8535
39.4872
39.6825
42.8571
40.7082
39.6825
39.5116
39.3651
42.1490
40.3419
39.6093
39.7070
41.6361
41.4896
39.9512
39.7802
39.0720
43.8339
40.6838
40.2198
39.7314
39.5604
43.1990
40.6593
40.0000
39.5116
39.6825
42.4176
40.3663
40.0733
39.7070
39.8779
41.6606
40.4396
39.7802
39.5116
45.1038
41.0745
39.9756
39.8046
39.5604
43.3211
40.7814
39.8535
39.5849
39.7070
42.6374
40.4884
39.7314
39.5849
39.5604
41.7094
39.9023
39.9023
39.7070
43.2723
41.2698
39.9756
39.9267
39.4872
44.0293
40.9035
40.0733
39.7802
39.5604
42.8571
40.6349
39.8046
39.5116
39.5360
41.7827
40.2442
40.0000
39.5116
41.7827
41.3919
40.3663
39.6581
39.1941
44.0049
40.7814
39.9023
39.6093
39.7070
43.0769
40.7326
39.9023
39.4872
39.7558
42.1001
40.6349
39.8779
39.5604
39.9267
41.5140
39.8291
39.5849
39.5849
44.6642
41.1722
39.8291
39.4628
39.3162
43.3455
40.7814
40.0488
39.7802
39.3162
42.3687
40.3663
39.9023
39.5849
39.4139
41.9048
39.9756
39.8291
39.6581
43.3700
41.1477
40.2930
39.6093
39.6093
43.7118
40.9524
39.8291
39.7558
39.5604
42.7839
40.5617
40.0488
39.4139
39.6825
41.8803
40.5128
39.8535
39.3407
41.8071
41.5629
40.0244
39.6581
39.4383
44.1758
40.9280
40.1465
39.3895
39.5849
42.9792
40.6593
39.8535
39.4628
39.5849
41.6850
40.2930
39.8535
39.7070
40.0000
41.7827
40.4640
39.8779
39.4628
45.0305
41.2943
40.1709
39.8046
39.5849
43.3455
40.7570
39.8291
39.8779
39.6337
42.5885
40.6838
39.7802
39.5116
39.7802
41.7582
40.5128
39.8291
39.5849
43.5897
41.5385
40.2442
40.0244
39.6337
43.8095
40.7326
40.2930
40.0977
39.6825
42.9060
41.1233
40.3663
39.7314
40.0488
42.0513
40.6593
39.9756
39.5360
41.9780
41.6850
40.4884
39.7802
39.6093
44.3223
41.4164
40.2930
39.9267
39.7558
42.9548
40.8547
40.0733
39.8046
39.7314
42.3932
40.7326
39.9756
39.7070
40.3663
41.6606
40.3663
40.0977
39.6825
44.4444
41.0256
40.0977
40.0733
39.8779
43.2479
41.0745
40.0244
39.7558
39.8291
42.5397
40.5617
40.1709
39.7070
39.6093
42.2466
40.5372
40.0000
39.6581
43.3700
41.4164
40.0244
39.7558
40.0488
43.9072
41.1722
40.2442
39.9267
39.7070
42.7595
40.6593
40.2198
39.8046
39.6093
42.0269
40.7326
39.9267
39.8291
42.2955
41.6850
40.6838
40.1954
39.5604
44.0293
41.4652
39.9267
39.4139
39.2918
42.7106
40.6349
39.8046
39.4383
39.5849
42.0757
40.1954
39.8535
39.3651
40.2930
41.3675
40.2442
39.6337
39.3162
44.6398
40.8791
39.9512
39.5604
39.4383
43.1013
40.7326
39.9512
39.6337
39.4383
42.3199
40.5617
39.5116
39.4383
39.4872
41.6606
40.4151
39.5849
39.6581
43.4921
41.2210
40.2198
39.7070
39.4628
43.6386
40.7326
39.9756
39.5360
39.4872
42.5153
40.3663
39.6825
39.6093
39.4872
42.0024
40.1465
39.9756
39.6825
42.2222
41.4408
40.5861
39.7314
39.7802
44.0049
41.0501
40.0244
39.8046
39.3162
43.1258
40.4151
39.7070
39.9756
39.3162
42.2711
40.4884
39.8535
39.5360
40.4640
41.2698
40.2198
39.7314
39.4139
44.1758
41.4408
39.9267
39.5849
39.3895
43.0525
40.6838
40.0244
39.5116
39.6825
42.4176
40.4884
39.9512
39.8535
39.3407
41.6850
40.0977
39.7558
39.4872
43.9560
41.1722
39.8779
39.4139
39.2430
43.5653
40.6349
40.0000
39.4872
39.3407
42.6374
40.5617
39.7802
39.5116
39.5604
42.1245
40.3419
40.2198
39.1941
42.1978
41.4652
40.1221
39.8046
39.7314
43.6874
41.0989
39.8779
39.6825
39.7070
43.0525
40.8059
39.7558
39.6337
39.7314
42.0269
40.3419
39.6093
39.6093
40.3175
41.8315
40.2930
39.8535
39.6581
44.2491
41.0989
39.7558
39.8046
39.7070
43.5653
41.0256
40.5372
40.2442
40.2442
42.7106
41.3431
40.5128
40.0733
40.0733
42.2222
40.6105
40.3419
40.0000
44.1758
41.8315
40.8059
39.9756
40.1465
43.3944
40.8303
39.4628
39.8535
39.5116
42.7839
40.8303
39.8291
39.7314
39.7558
42.1245
40.4151
39.9023
39.4872
42.4908
41.5140
40.2686
39.6825
39.7070
43.5897
41.0989
40.1465
39.7070
39.6581
43.0037
40.9035
40.1709
39.6825
39.6337
42.2466
40.6838
40.0977
39.8046
40.8791
41.9048
40.6838
40.2442
40.0977
44.2979
41.3919
40.4640
40.2930
40.0488
43.4432
41.1722
40.3663
40.0977
39.8046
42.7350
40.5128
40.2930
40.1709
39.9756
41.9292
40.2686
44.3468
48.7912
49.8657
50.0366
50.2076
50.1587
50.5495
50.2564
50.3785
50.2320
50.2076
50.2076
49.8901
50.1343
49.9390
50.2320
50.2564
50.2076
50.2320
50.2076
49.8657
50.0611
50.0611
50.2808
50.4029
50.4274
50.1343
50.2808
50.0611
50.4029
50.1343
50.2808
50.0855
50.3053
50.2076
50.3053
50.5006
50.2076
50.0611
50.1832
50.3053
50.3541
50.3785
50.1099
50.3053
50.1099
50.1343
50.3541
50.1343
50.1099
50.3053
50.3297
50.3297
50.0855
50.5739
50.1099
50.4274
50.2564
50.2564
50.2320
50.4029
49.6948
50.2808
50.4029
50.2076
50.2320
50.4762
50.3541
50.5006
50.2320
50.2808
50.1099
50.1343
50.1343
50.5006
50.2564
50.2320
50.3541
50.0366
50.2076
50.1099
50.5983
50.2076
50.2808
50.4518
50.1099
49.8901
50.1587
50.4762
50.3541
50.5495
50.4274
50.1099
50.5495
50.3297
50.3541
50.0122
50.3297
50.3541
50.2076
50.0611
50.2808
50.1099
50.3053
50.4762
50.3053
50.1832
50.0855
49.8901
50.5495
50.1832
50.0611
50.3053
50.3785
50.3053
50.2808
50.4518
50.2808
50.3541
50.2808
50.2808
50.3053
50.0611
50.4274
50.0855
50.2808
49.8657
50.3053
50.3297
50.1832
50.3297
50.2808
50.4274
50.0855
50.4274
50.4029
50.5006
50.2320
50.1343
50.3053
50.1343
50.2076
50.3785
50.2564
50.4029
50.2076
50.1343
50.4518
50.2564
50.3541
50.4029
50.2808
50.4029
50.1587
50.3541
50.3541
50.4029
50.2808
50.4029
50.1343
50.2808
50.3541
50.2076
49.9145
50.0366
50.3053
50.0122
50.1343
50.6716
50.0122
49.9878
50.0122
50.4274
50.0855
50.4274
50.3297
50.1099
50.3541
50.4518
50.1587
50.2076
50.0366
50.0855
50.2564
50.4518
50.3053
50.2808
50.3053
50.1343
50.2320
50.2320
50.2564
50.0122
50.2076
50.0855
50.0366
50.1587
50.1343
50.0855
50.0855
50.3297
50.1832
50.0366
50.4762
50.2076
50.3053
50.3541
49.8901
50.4029
50.0122
50.2076
50.3053
50.2564
50.3053
50.2564
50.2320
49.9390
50.2808
50.3541
50.2564
50.2564
50.1832
50.3297
49.9390
50.2808
50.1099
50.1099
50.0366
50.3541
50.0855
50.2808
50.3297
50.3785
50.3053
50.2320
50.1832
50.0855
50.0122
50.3053
50.5006
50.1832
50.4762
50.2808
50.4029
50.2808
50.3297
50.3541
50.2320
50.4274
50.5006
50.2320
50.1099
50.1832
50.4274
50.2320
50.1587
50.2076
50.2320
50.2320
50.5983
50.2076
50.4274
50.3297
50.3785
50.1099
51.0623
50.1343
50.5495
50.3297
50.0855
50.1832
49.7924
50.4762
50.3053
50.2808
50.0611
50.0366
50.2808
50.5739
50.4762
50.0611
50.5006
50.4274
50.1099
50.2076
50.4029
50.4029
50.2076
50.3053
50.1832
50.3053
50.0855
50.2564
50.0855
50.2076
50.2320
50.1832
50.0611
50.2076
50.2076
50.3297
50.0611
50.0122
50.2320
50.3053
50.0122
50.2320
50.1587
50.1832
50.3053
50.2320
50.2808
50.2808
50.1832
50.7448
50.1343
50.3297
50.3297
50.4274
50.1832
50.4029
50.2808
50.3785
50.3785
50.0611
50.1099
50.5250
50.2076
50.1832
50.3297
50.2320
50.0611
50.1832
50.4762
50.0611
50.0366
50.2320
50.2564
50.2320
50.1587
50.0122
50.4029
50.2076
50.1832
50.0611
50.1832
50.0855
50.3541
50.3297
50.1099
50.2076
50.0122
50.1099
50.2808
50.0122
50.4029
50.3541
50.1343
50.2808
50.4029
50.3053
50.5006
49.9390
50.1099
50.0611
50.1099
50.5739
50.0611
50.3053
50.4029
50.3541
50.2808
50.0122
50.4274
50.1587
50.0855
50.4029
49.9390
50.2320
50.4518
50.0855
50.2076
50.2076
50.2808
50.0122
50.1343
50.2076
50.8181
50.6716
50.1099
50.3053
50.3297
50.3297
49.9634
49.8657
50.2564
50.2564
50.2808
50.4029
50.2564
50.1587
50.2320
50.0855
50.1343
50.0855
50.2564
50.2076
50.3053
50.2808
50.3053
50.3297
50.0611
49.9145
50.0366
50.3541
50.2808
50.5983
50.0855
50.7937
50.3541
50.3297
50.2808
50.1343
50.0366
49.8413
50.3541
50.1343
50.0611
50.2076
50.1587
50.0122
50.2320
50.1832
50.2808
50.2564
50.4029
50.9402
50.4029
50.2808
50.1587
50.1343
49.4017
50.5006
50.3541
50.0611
50.2564
50.1832
50.1587
50.4274
50.1832
50.1587
50.2564
50.0122
50.3541
50.2564
50.1099
50.6227
50.1587
50.3297
50.3297
50.1587
50.0611
50.3541
50.2076
50.4762
50.1343
50.3785
50.1343
50.2564
50.2808
49.4017
50.2076
50.1343
50.2564
50.3053
50.2564
50.4518
50.2320
50.2564
50.2564
49.9390
50.2320
50.3541
50.2808
50.2808
50.3297
50.2320
50.1343
50.4274
50.1343
50.5006
50.2076
50.2076
50.1832
50.1099
50.2564
50.0366
50.1099
49.9145
50.0366
50.4029
50.0122
50.2076
50.3053
50.1099
50.2076
50.0366
50.4518
50.2320
50.3785
50.2320
50.1832
50.2076
50.1832
50.1587
50.3297
50.3053
50.1099
50.1099
50.1099
50.1099
50.2564
50.2076
50.0611
49.6459
50.1343
50.0611
50.2320
50.1343
50.1343
50.0366
50.3297
50.1832
50.3785
49.9634
50.2320
50.0366
50.3541
50.3541
50.2808
50.2564
50.3053
50.2320
50.2564
50.1343
49.9390
50.3053
50.1343
49.9390
50.1343
50.2564
50.1832
50.4029
50.3541
50.0366
50.3053
50.3053
50.3297
50.0122
50.0855
50.1343
50.3053
50.2564
50.5006
50.3541
50.4029
50.0611
50.4518
50.1343
50.0855
50.3053
50.4029
50.2808
50.1587
49.9390
50.4029
50.1832
50.2564
50.2564
50.1099
50.2076
50.5006
50.3541
50.1832
50.4762
50.1099
50.2808
50.1343
50.2564
50.5006
50.2808
50.3541
50.2808
50.4029
50.2076
50.5250
50.3297
50.4274
50.0611
50.1587
50.2808
50.2564
50.2808
49.9145
50.0611
50.3541
50.3297
50.2076
50.3541
50.2808
50.4762
50.2808
50.4029
50.0855
50.2076
50.1343
50.2076
50.2320
50.3297
50.2320
50.2808
50.3785
50.1343
50.4029
50.1343
50.2564
50.1343
50.1343
50.4518
50.3541
50.5006
50.1343
50.4274
50.3785
50.0855
50.5495
50.4518
50.1099
50.2076
50.0855
50.1832
50.1832
50.2808
50.4029
50.2320
50.0122
50.1343
50.1832
50.0855
50.2564
50.3053
50.3297
50.2808
49.9390
50.1587
50.0122
50.2564
50.2076
50.5250
50.3297
50.0611
49.8901
50.2320
50.2076
50.3297
50.1832
50.1587
50.1099
50.2564
50.2808
49.9634
50.1099
50.5983
50.1099
50.1587
50.4274
50.2564
50.2320
50.3541
50.0855
50.3541
50.4029
50.2564
50.5983
50.0855
50.2808
50.6716
50.1343
50.1587
50.1587
50.2320
50.4029
50.3297
50.1587
50.3541
50.6960
50.2808
50.1099
50.0122
50.2320
50.4274
50.3053
50.5006
50.2076
50.2076
50.3541
50.2564
50.2076
50.2564
50.3541
50.1587
50.2564
50.4762
50.3785
50.0611
50.4029
50.4762
50.3053
50.2320
50.6716
50.5006
50.3541
49.8413
50.0122
50.2564
50.0611
50.4518
50.3053
50.1587
50.3053
50.1343
50.0122
50.1099
50.2808
50.2564
50.0366
50.5250
50.2320
50.2076
50.4762
50.2320
50.1832
50.2076
50.2076
50.3785
50.5006
50.0122
50.1832
50.2808
50.4029
50.1587
50.0122
50.1587
50.4029
50.2320
50.2320
50.1587
50.2320
50.1832
50.3297
50.2564
50.3785
50.2320
50.2564
50.3785
50.1587
50.2076
49.8901
50.1832
49.9390
50.1832
50.1832
50.2076
50.0366
50.4518
50.4029
50.2564
50.5495
50.2320
50.2808
50.2564
50.4029
50.6227
50.2320
50.3053
50.3541
50.2564
50.2320
50.4029
50.3053
50.4274
50.2076
50.3297
50.2320
50.4518
50.3053
50.2564
50.2564
50.5739
50.0855
50.2320
50.1587
50.2076
50.0611
50.2808
50.2076
50.2564
50.4029
50.2564
50.2808
49.9145
50.3297
50.0855
50.1587
50.4274
50.2320
50.3541
50.2564
50.1832
50.2564
49.9634
50.2564
50.3297
50.3541
50.4029
50.3785
50.2320
50.0122
50.3541
50.3297
50.3297
50.3053
50.3053
50.4274
50.1832
50.2564
50.0855
50.4762
50.5006
50.1587
50.2808
50.0122
50.0855
50.1099
50.3053
50.1099
50.2564
50.2564
50.3297
50.2564
50.4762
50.2808
50.3541
50.2564
50.3541
50.1343
50.5983
50.3053
50.3053
50.3785
50.3297
50.0122
50.1343
50.0855
50.0855
50.1587
50.0366
50.2320
50.4029
50.2076
50.2808
50.3053
50.1343
50.1587
50.3297
50.1832
50.5006
50.3053
50.1343
50.0122
50.3053
50.1343
50.1832
50.2320
50.2808
50.3541
50.2808
50.1343
50.1099
50.0366
50.3297
50.3297
50.1587
50.2320
50.0611
50.4029
50.2808
50.2564
50.3541
50.4029
50.1587
50.2564
50.4029
50.3541
50.2076
50.2808
50.0366
50.1587
50.0611
50.2320
50.1343
50.3541
50.2808
50.2564
50.4274
50.3541
50.3297
50.0611
50.2320
50.2076
50.3541
50.4274
50.2564
50.3053
50.0611
50.0611
50.0855
50.2564
50.2808
50.1587
50.2320
50.3053
50.3053
50.1832
50.3053
50.4518
50.0366
50.1832
50.6227
50.2320
50.2564
50.4029
50.1343
50.2320
50.5495
50.2320
50.1587
50.2564
50.4029
50.2076
50.1587
50.1587
50.1832
49.9145
50.1587
50.6227
50.2808
50.2564
49.8657
50.0122
50.1343
50.1099
50.4029
50.2076
50.3785
50.2564
50.1832
50.2808
50.3053
50.7937
50.1343
50.7448
59.2918
64.9084
65.7875
57.2405
63.7118
66.1783
66.6667
66.3980
60.0733
65.0794
66.1538
66.4957
66.8376
62.8327
65.8364
66.9353
66.6423
58.4615
63.4921
65.8852
66.7888
66.8620
56.4103
64.2491
66.6667
66.9353
67.3993
59.6093
64.9084
66.8865
67.0818
67.1795
61.5629
65.8364
66.7644
67.3748
67.1795
63.0281
66.2027
67.2527
66.9353
52.1123
63.8095
66.2515
67.4969
67.6923
58.8523
65.5434
66.8132
67.1062
67.4725
61.9536
65.9096
66.3004
66.6667
66.6911
62.2711
65.7875
66.5934
66.9841
53.8706
63.5897
66.0562
66.5690
67.1551
57.5824
64.4200
66.2027
66.8132
66.9109
60.1221
65.2503
66.5934
67.1306
67.4237
62.2711
65.7875
66.8376
66.9353
57.3382
63.5409
66.1050
66.9597
67.0574
56.4835
64.2491
66.0562
67.0330
66.9353
59.7558
65.1770
66.3980
67.1795
67.0330
62.1490
65.7143
66.5690
67.6435
67.5214
63.7363
66.4713
66.6178
67.2039
52.3565
64.3223
66.7888
67.1306
67.7167
58.8278
65.1038
66.7644
67.3504
67.2039
60.8791
65.2747
66.4469
66.6423
66.7155
62.0269
65.4945
66.4225
66.7399
53.5531
63.0525
65.9341
66.5446
66.9597
57.7534
64.7863
66.3492
52.3810
50.6960
50.3053
50.1343
50.1099
50.1099
50.1832
50.0855
50.4518
50.2564
50.1099
50.2808
49.9145
50.1099
49.8901
50.3297
50.3541
50.0366
50.4029
50.3297
50.1343
50.0611
50.0611
50.0122
50.0611
50.2076
49.7924
50.0122
50.1099
50.1099
50.2320
50.1099
50.1587
50.2808
50.0855
49.8413
49.9145
50.3541
50.1587
50.1587
49.9390
50.1587
50.3541
50.3053
50.2076
50.0122
50.1099
50.3297
50.2808
50.0855
50.4029
50.2564
50.1343
50.2076
49.8657
50.1099
50.4029
50.0855
50.2564
50.1343
50.0122
50.2320
50.1343
50.2564
54.9451
62.5153
65.6166
66.7155
67.3016
62.2222
65.8120
67.1551
67.3016
57.3138
63.4676
66.3492
67.1551
67.3016
56.8254
64.4933
66.4469
67.1551
67.3748
59.6825
64.9573
66.6178
67.0330
66.9109
61.3675
65.6410
66.4469
67.0574
66.9353
63.0281
66.1050
66.5446
67.0086
51.6972
63.7851
66.3004
66.9109
66.9353
58.6569
64.8596
66.4957
66.9353
67.3748
61.0989
65.5678
66.4469
66.9109
67.0330
62.4176
65.8852
66.8865
67.2283
53.7973
64.1270
66.1294
66.8132
67.1551
58.0708
65.4212
67.0330
67.2283
67.0086
60.3175
65.2747
66.7399
66.8376
67.1795
62.1978
65.7143
66.8620
67.0818
56.9475
63.7363
66.2271
67.0574
67.1551
56.8987
64.4689
66.3004
67.1306
67.3260
60.2198
65.0061
66.9841
67.2772
67.4481
62.0269
65.8852
66.9353
67.1795
67.1795
63.5897
66.3248
66.8620
67.5946
52.2589
64.4444
66.5934
67.1551
67.0818
59.3407
65.0305
66.8132
67.3748
67.9854
61.9780
66.2027
67.1306
67.1306
67.1306
62.8571
65.2259
66.2027
67.2283
54.3346
64.1758
65.7143
67.1306
67.6923
58.7057
65.4212
65.6410
67.5702
67.7411
60.4151
65.2747
67.0330
67.2039
64.3956
59.7314
62.9060
63.6630
64.0537
55.1404
61.1233
63.4676
64.2735
64.5177
56.4347
61.8803
63.9072
64.5910
64.6154
58.7302
62.5641
64.1758
64.5910
64.6398
60.0000
63.2967
64.3712
64.4933
59.0965
61.7582
64.7375
65.5922
65.6166
51.5751
63.2234
65.0794
65.7631
65.8608
58.5836
64.1270
65.5434
66.5201
66.4713
60.5617
64.6886
66.1294
66.5690
66.5201
62.1490
65.4212
66.4713
66.6423
53.2845
62.9304
65.4212
66.3004
67.0818
57.9731
64.5421
66.4225
66.8376
67.1062
60.6593
65.5434
66.3248
66.8132
66.3248
61.4408
65.1038
66.2515
66.7155
55.7509
63.2479
65.6410
66.3492
66.7155
56.7277
63.9560
65.9585
66.6423
66.8620
60.0244
65.0549
66.0317
66.4957
66.7155
61.4164
65.5189
66.2515
66.5446
60.4151
62.1978
65.2503
66.3736
66.9109
55.5311
64.0781
66.1294
66.3980
66.6423
58.9011
64.6154
66.1783
66.5690
66.4469
60.6838
64.7375
66.0073
66.4225
66.0806
62.0513
65.3480
66.4957
66.6911
53.0891
63.4432
66.0562
66.7399
67.0086
57.8266
64.5665
66.1538
67.0818
67.4725
60.5372
65.7143
66.9109
66.8376
66.9597
62.0024
65.5678
66.9597
66.8620
55.5556
63.4432
65.9585
66.7888
66.9109
57.0208
64.2002
65.9829
66.3736
66.4957
59.3651
64.5177
66.3248
66.8132
66.7644
61.3675
65.1526
66.5201
66.6667
60.2930
63.1502
65.9829
66.9109
67.0086
55.2137
63.9805
66.1050
67.1551
67.3748
59.0720
65.0061
66.6423
67.0086
67.4237
60.8303
66.0073
67.1795
67.5946
67.5702
62.7595
66.0073
67.3993
66.9353
52.7717
63.8095
66.2515
67.3748
67.6435
58.2173
65.0549
66.8376
67.2527
67.3260
60.4151
65.5678
67.1551
67.6679
67.5946
62.1978
66.1538
67.1062
67.6435
55.5556
63.8095
66.7644
67.5946
67.6679
57.2894
65.2503
67.3260
67.6435
68.0342
60.0977
66.0562
67.4725
68.1563
68.7668
63.0525
67.0818
68.5470
68.7668
61.4896
64.4689
67.5946
68.4737
68.5226
55.7021
65.4945
67.4969
68.2540
68.5714
59.2430
66.2271
68.1319
68.5470
68.7668
62.3199
67.0574
68.4493
68.6447
68.5470
64.1270
67.7411
68.4005
68.8645
53.3578
65.3968
68.3028
68.5958
68.6935
58.4860
66.0562
67.8388
68.4982
68.2051
61.3187
66.7399
67.6679
68.3028
68.5226
63.3211
67.2772
68.4249
68.5226
55.8242
64.6642
67.4237
68.2296
68.5226
57.7289
65.9585
67.6923
67.8633
68.1319
60.5372
66.3736
68.0586
68.3761
68.1319
62.3932
66.7155
68.0830
67.9609
60.5861
64.2491
67.3993
68.0586
68.1075
55.5800
65.2991
67.5946
67.7656
67.7411
59.0965
65.6410
67.0574
67.7411
68.2051
62.0513
66.4469
67.4481
67.8388
68.0586
64.2002
67.1306
67.6435
68.0342
52.9182
64.8107
67.0818
67.8144
67.8633
58.3639
65.3724
67.2039
67.6679
67.7167
60.9280
66.1050
67.2039
67.6679
67.7900
62.4664
66.3248
67.1062
67.6190
55.1648
64.2735
66.7155
67.5946
67.7656
57.3626
65.2259
66.8376
67.3016
67.6435
60.1465
65.9829
67.3504
67.7411
67.2527
62.5153
66.0806
66.0562
65.9096
57.8266
62.4176
64.6154
66.0562
65.7875
55.9463
63.3211
65.7875
66.3004
66.2515
59.0965
64.3956
65.5434
66.4225
66.0317
60.6838
64.7863
66.1050
66.2515
66.4713
62.1245
65.0549
65.8120
66.1538
52.2589
63.1013
65.5678
65.9829
66.6911
58.1685
63.9560
65.9829
66.4225
66.4225
60.2198
64.8107
66.0073
66.3248
66.3004
61.6606
64.8596
65.7875
65.9829
54.2369
62.5641
64.6642
65.7143
65.7631
57.5824
64.1758
66.0562
66.4225
66.5201
59.8779
64.6398
66.4713
65.6655
65.2259
60.4640
64.2491
66.5934
66.4957
58.2418
62.6374
65.3236
65.4457
65.8120
56.1172
63.0525
64.5177
65.8852
65.6655
58.9011
64.5421
65.5189
66.6667
65.6899
60.8791
64.5910
65.8364
66.2027
66.4957
62.6129
65.2747
65.9341
66.3736
52.5763
64.5910
65.9341
66.3736
66.5690
58.5104
64.1514
65.9096
66.5934
66.4957
60.3907
64.9328
66.2271
66.5934
66.5446
62.1978
65.6655
66.8865
67.2527
54.5543
63.2234
66.1783
66.3492
66.7644
57.4359
64.3712
66.2027
66.8620
66.8865
60.1954
64.7863
66.5690
66.8620
66.9597
61.8803
65.3968
66.4225
66.9353
58.2418
63.3211
65.9341
66.6178
67.0818
56.1905
64.1758
66.2027
66.8132
67.1306
59.7314
65.1282
66.2759
66.9109
67.4481
61.5140
65.9829
66.8620
67.2283
67.2283
62.9060
66.0562
66.6178
67.2772
52.5519
64.6886
66.5201
67.0818
67.3260
58.9988
65.4701
66.8620
67.2527
67.6679
63.2967
66.8620
68.3517
68.7668
69.1331
65.4701
67.5458
68.1075
67.9365
53.9927
64.0781
66.4957
67.2527
67.1551
57.9243
65.6899
66.7644
67.4481
67.8388
60.4884
66.0806
67.0330
66.9597
67.3260
62.9060
66.5690
67.0818
67.4725
57.7045
63.9560
67.2039
67.5946
67.7900
56.7277
64.9328
67.1062
67.5702
67.8877
59.9023
65.6410
67.1551
67.6435
67.9609
62.1245
66.2515
67.3748
67.9854
68.3272
64.2491
67.3260
67.9609
68.4737
52.1612
65.5434
67.4725
67.8877
68.4737
59.6825
66.0806
67.7167
68.2296
68.1807
62.0269
66.6178
67.9121
68.3272
68.4493
63.8095
66.9597
68.2296
68.5470
54.4811
65.7143
67.6679
68.5714
68.5470
58.5348
66.0317
68.0098
68.3517
68.3761
60.9524
66.6178
67.3748
68.1319
68.2051
63.0281
66.8620
67.7167
67.9854
57.4359
64.2979
66.6667
67.5946
68.0098
56.4103
65.3968
67.0574
67.9365
67.9121
60.2686
66.2515
67.3016
68.1563
68.2540
63.1746
67.5458
68.2784
68.5470
68.1807
64.1514
67.2039
68.0098
68.2540
51.9902
65.3236
67.3993
67.8144
68.0830
59.2430
65.6166
67.6923
67.6679
68.1319
61.9292
66.3736
67.7167
67.8388
67.8877
63.3455
66.7155
67.5702
67.9365
53.9927
64.8840
67.2039
67.8877
67.9854
58.0220
65.4945
67.1062
67.8877
68.0098
60.6593
65.9585
67.2772
67.8144
67.7900
62.8327
66.4957
67.3748
67.8633
57.7289
64.2491
66.5690
67.4237
67.9365
57.1429
66.2027
67.6435
68.1075
68.4005
61.0256
66.6178
67.5946
68.2051
68.2784
63.0281
67.4481
67.1062
67.3504
67.2283
63.2479
66.1783
67.1551
67.4969
51.7705
64.7131
66.8376
67.3504
67.4725
59.1209
65.5678
67.1306
67.5214
67.9854
61.3919
66.1050
67.2283
67.4969
67.7900
63.4921
66.5690
67.3016
67.7900
53.8462
65.0305
67.0330
67.3504
67.8877
58.0708
65.4701
67.0818
67.7900
67.7656
61.0745
65.9585
67.3748
67.4481
67.6190
62.2222
65.9341
67.4481
67.6679
56.7766
63.9072
66.2027
67.3993
67.4481
56.7521
64.9573
66.6911
67.3504
67.3016
59.8291
65.6410
67.1306
67.9854
67.6679
61.9780
66.2271
67.2772
67.4725
67.5214
63.5653
66.4713
67.4481
67.7900
51.8193
64.7619
66.9597
67.5214
67.6923
58.9744
65.3480
66.4957
67.4481
67.7411
61.7338
66.3004
67.1551
67.5946
67.7900
62.7595
66.5446
66.9597
67.5214
53.5531
64.1270
66.9841
67.4481
67.6435
58.1685
65.1770
66.9597
67.2039
67.5214
60.9280
65.9829
67.3993
67.4481
67.5946
63.1013
66.2759
67.3993
67.8144
56.5812
64.3712
66.9109
67.4481
67.4725
56.7277
65.0549
66.8865
67.4481
67.9854
60.0977
65.5678
67.1795
67.8388
67.6679
62.1978
66.3004
67.3260
67.6923
61.6850
63.7363
66.7888
67.5458
68.0830
51.6728
65.0061
67.1062
67.8388
68.0586
59.7314
66.0317
67.2527
67.8144
67.9854
62.5153
66.7888
67.6435
67.9609
67.7656
64.2735
66.6178
67.5702
68.0342
53.8706
65.3724
67.3504
67.5458
68.0342
58.7790
66.0073
67.4969
68.1807
67.8877
61.0745
66.3492
67.5214
67.6190
67.3748
63.2967
66.4225
67.2283
67.5946
56.7033
64.1514
66.5934
66.8620
67.4725
56.8498
64.9328
66.8132
67.2772
67.6679
59.8535
65.1770
67.0574
67.7656
67.4969
62.0024
65.7387
67.1062
67.0330
60.9524
63.1746
66.2027
67.1551
67.3504
55.4335
64.4933
66.7644
67.4237
67.6435
59.5360
65.5189
67.2039
67.5702
67.5946
61.3431
65.8120
67.5458
67.5702
67.5702
63.0525
66.4469
67.3993
67.6435
53.2601
64.1758
66.8865
67.2772
67.7411
58.3394
65.1038
66.8620
67.2039
67.5214
61.0012
66.0317
67.3748
67.3993
67.5214
61.9048
66.0317
67.1306
67.1062
55.9219
63.6386
66.2027
67.3260
67.4969
57.4847
65.0305
67.3016
67.6190
67.9365
60.5861
65.9341
67.0818
67.5214
67.7167
62.6129
66.4469
67.3016
67.6435
60.8303
63.7363
66.3980
67.5946
67.5214
55.4823
65.0061
66.6423
67.7167
67.9854
59.9023
66.0317
67.3260
67.7167
68.2296
62.0757
66.6667
67.3993
67.1306
67.3748
63.0525
66.4957
67.3504
67.4969
53.1868
63.9072
66.5446
67.4725
67.6190
58.0708
64.8840
66.9597
67.2039
66.9109
60.8547
65.5434
66.8620
67.3504
67.6190
62.2711
66.0562
67.2039
67.5946
55.5067
63.4432
66.4225
67.1306
67.4237
57.0940
64.7375
66.3492
67.1062
67.4237
60.2930
65.6410
66.7399
67.3016
67.7167
61.9536
65.7631
67.0086
67.1551
59.7558
63.5897
65.9585
66.6911
67.1795
55.2137
64.1514
66.4225
67.1062
66.9597
59.2674
64.6154
66.4713
66.9353
67.3016
60.7570
65.4945
66.8620
67.2283
67.0330
62.8083
66.0806
67.1551
67.3016
52.5519
63.6386
66.0562
66.8620
67.0818
58.3394
64.8840
66.6667
66.8865
67.0818
60.4640
65.3724
66.8620
67.2283
67.3016
62.1734
65.9585
66.5934
67.2527
55.1160
63.6874
66.3248
66.7888
67.2527
57.2405
64.4933
66.5446
66.8865
66.9841
59.9267
65.3724
66.4225
67.0086
67.4481
62.0513
65.7631
67.0574
67.3504
59.5360
63.2723
66.2027
67.2283
67.1795
55.8730
64.5665
66.3248
67.2039
67.2039
59.3651
65.2015
66.8132
67.2283
67.3504
61.7338
65.6899
66.8132
67.1795
67.5214
63.4188
66.1050
67.3016
67.4969
52.6740
64.4689
66.5690
66.9841
67.3016
58.4371
65.0305
66.7399
67.5214
67.5946
62.1001
65.7387
66.9597
67.2039
67.4969
62.7595
66.0562
67.1551
67.2039
55.2869
63.8339
66.5934
67.3748
67.6190
57.4603
64.9817
66.7155
67.4725
67.4725
60.8791
65.6899
67.0086
67.3260
67.4725
62.6374
65.6410
66.9353
67.6435
59.5604
63.6142
66.3492
67.3993
68.0098
55.6044
64.6398
66.6667
67.6923
67.7411
60.4884
65.6899
67.0330
67.7167
67.7167
62.6862
66.3248
67.2283
67.5946
67.8877
64.2491
67.1551
67.4969
67.7656
52.5275
64.5421
66.8620
67.3504
67.9121
58.7790
65.5434
67.0086
67.5946
67.8388
61.9780
66.1294
67.4725
67.8144
67.8877
63.8828
66.4225
67.3260
67.7167
55.1404
64.8596
66.8132
67.5702
67.6923
57.9976
65.3968
66.8132
67.3993
67.4725
61.6117
65.9341
67.3504
67.6923
67.6679
62.9548
66.1783
67.2527
67.6435
58.9744
64.6154
66.5690
67.4725
67.8633
56.2882
65.0794
66.8376
67.3504
67.6190
60.3663
65.9096
67.2283
67.4725
67.7656
62.6374
66.1050
67.0818
67.5702
67.9609
64.3223
66.6178
67.5214
67.6923
52.4786
65.0794
66.4469
67.2283
67.5946
58.9011
65.4701
66.7399
67.2527
67.6679
61.9292
65.7631
67.1062
67.5946
67.7900
63.5897
66.4469
67.3504
67.8144
55.0427
64.6886
66.7155
67.2039
67.7656
57.7778
64.9328
66.9109
67.5946
67.6679
61.4652
65.7631
66.9841
67.2283
67.2283
62.7839
65.5922
66.6667
67.0574
58.7057
64.3468
66.6423
67.4725
67.4481
56.4103
64.6398
66.8376
67.3016
67.5214
59.7802
65.4945
66.9597
67.5214
67.4237
62.0757
65.9096
67.2039
67.4969
67.6435
63.8095
66.6178
67.4237
67.3993
52.5519
64.6398
66.4225
67.0574
67.6435
58.8034
65.5434
67.0574
67.4237
67.9609
61.6850
65.8608
67.1306
67.3260
67.4969
63.2234
66.3492
67.4725
67.9365
54.8718
64.5910
66.5934
67.2772
67.4481
57.7778
65.3480
67.0330
67.7900
67.7900
61.0012
65.9585
67.2039
67.9365
67.9365
63.1502
66.2515
67.2772
67.9365
58.7546
64.2247
66.4469
67.3748
67.5458
56.6056
65.2259
66.8132
67.4237
67.7656
59.9512
65.9096
67.4237
67.8877
68.0342
62.2711
66.4225
67.5702
67.8877
67.7411
64.1270
66.5690
67.4237
67.9365
52.5031
65.2747
66.8865
67.7411
67.9365
59.1209
65.5922
67.0818
67.7411
67.5702
61.7582
66.0073
67.4237
68.0098
67.9121
64.3223
67.0574
68.4493
68.2296
54.0171
64.7619
67.3993
67.7411
67.9854
58.6081
65.6410
66.4713
67.2039
68.0098
61.7582
66.4957
67.8144
67.7411
67.7900
62.7106
66.0562
67.5946
68.6935
58.7546
64.5177
66.4225
67.2283
67.2527
56.7033
64.6398
66.5934
67.3016
67.0330
59.6581
65.3480
67.1551
67.2527
67.2772
61.9780
66.0317
67.0086
67.4237
67.7411
63.0769
66.5201
67.3504
67.3260
52.4298
64.5910
66.5934
67.2283
67.1795
58.7546
65.5678
66.8132
66.9597
67.6435
61.2454
65.4945
66.9109
67.5214
67.4237
63.2234
66.0562
67.1306
67.4237
54.4567
64.0049
66.4469
66.9841
67.4481
57.9243
65.1038
66.6178
67.2527
67.3993
60.4884
65.4945
66.7155
67.2283
67.1551
62.6618
65.7631
66.7399
67.2772
57.7778
63.9072
66.0806
67.0086
67.2283
56.5324
64.7619
66.5201
67.0330
67.1306
59.9267
65.3480
66.7399
67.3993
67.2527
62.0757
65.6655
66.9353
67.3260
67.5702
63.6630
66.0317
66.8620
67.0818
52.2100
64.7863
66.5201
66.9109
67.4725
59.3162
65.4457
66.6667
67.2527
67.4725
62.0024
65.8608
66.7155
67.0330
67.6923
63.3455
66.3736
66.9353
67.2039
54.2369
64.4444
66.3736
67.0086
67.2527
58.0708
65.2991
66.6911
67.0574
67.3016
61.2210
65.6166
66.7644
67.6190
67.5702
62.9792
66.1050
67.2039
67.4481
57.8999
64.4689
66.2515
67.2527
67.2772
56.5079
64.9328
66.9841
67.5214
67.4725
59.9512
65.4212
66.9841
67.4237
67.6435
62.5641
66.2027
67.1551
67.5946
67.6435
63.9072
66.5690
67.2527
67.5702
52.0147
64.7131
66.3980
67.2283
67.0818
59.4139
65.7631
66.8376
67.4969
67.5214
62.1978
65.7875
67.1795
67.4481
67.8877
63.4676
66.2271
67.3504
67.5458
54.1636
64.5910
66.8132
67.2039
67.5214
58.2173
65.3724
66.8132
67.4725
67.7167
61.3431
65.7387
67.3993
67.8144
67.8388
63.3455
66.2759
67.5702
67.6190
57.3138
64.6886
67.2039
67.7167
68.2051
57.0696
65.7143
67.3748
68.0342
68.3272
60.4884
65.9341
67.3260
67.9365
68.0098
63.1746
66.6911
67.7411
68.1075
61.9048
64.4200
67.2283
67.6190
68.2540
51.8193
65.1282
67.3016
67.7900
68.0342
59.3407
65.9585
67.2772
68.2296
68.5226
62.6618
66.9597
68.4005
68.5958
68.7668
63.9316
67.3016
68.1319
68.7424
54.0415
65.3480
68.0830
68.3761
68.7179
58.7546
66.3980
68.2296
68.4982
68.8889
62.1734
68.2540
68.5226
68.9622
68.9133
63.4676
67.8388
68.4005
68.9133
58.2173
65.0061
67.7900
68.8889
68.6691
57.3138
66.6423
67.9854
64.3223
64.9328
58.8767
63.4188
64.5421
65.2015
65.6899
60.6349
64.4689
65.9096
66.4469
59.1697
61.6850
64.3956
65.3968
65.4457
55.0183
62.5641
65.1038
65.5678
66.3492
58.4127
63.4188
65.6410
65.8608
66.1294
59.6337
63.2967
64.2247
64.6886
64.7375
60.3907
64.0049
64.7375
65.2503
52.7717
61.7582
64.4200
65.6899
65.8120
57.7778
63.4432
65.3236
65.7387
65.6899
59.2186
63.9072
65.6899
65.6655
65.8120
60.3907
64.3712
65.6899
66.1783
55.0427
62.8571
65.4457
65.9096
66.1294
56.4835
61.5873
63.9316
64.2979
64.5910
58.4615
62.9548
64.2979
64.4200
64.7131
59.8535
63.2234
64.3223
64.9328
52.4054
50.0366
49.8657
49.8413
49.8413
50.0366
49.8901
50.0611
49.7924
50.0122
50.2076
49.9145
49.8657
50.2076
49.7924
49.7680
49.9634
49.7924
49.8901
50.0611
49.7436
49.8169
50.0855
49.7192
49.8901
49.9390
50.0366
50.0122
49.8169
50.0122
50.0122
49.9634
50.0366
50.0855
49.8169
49.7924
50.2320
49.6948
49.8413
49.7436
50.1099
50.1343
49.8169
50.0366
50.1343
49.7924
50.1832
50.0366
50.0122
49.9145
50.1343
50.0122
50.0611
50.1587
50.1343
50.1587
49.8901
49.8901
50.1343
49.8901
49.7436
50.0366
49.9390
50.1099
49.9390
50.0122
49.8413
49.9145
50.2076
50.1587
50.1832
49.8901
50.1587
50.0611
50.0122
50.0122
50.0855
49.9145
50.0855
50.2564
50.2564
50.3297
50.0366
49.8413
49.9634
50.0122
50.1343
49.7680
49.8657
50.1099
50.0366
49.9634
49.8901
50.1099
50.0366
49.8901
50.6227
50.1343
49.9634
49.9878
50.0366
49.8413
50.1832
49.8901
50.1587
50.0366
49.8169
50.0366
50.0366
49.7680
50.1343
50.0366
49.6215
50.2564
49.9390
49.9390
50.1832
50.0611
49.9634
50.1099
49.9145
49.7924
50.0366
50.0611
50.1099
50.1832
50.2320
49.9634
50.0855
49.9145
50.2076
50.0366
50.1343
49.7924
50.1343
50.1587
50.2808
49.9390
49.7680
50.3053
50.3053
50.1587
50.1587
50.0855
50.0366
50.4029
49.9878
49.8901
50.0122
50.3297
50.2320
49.7436
49.8657
50.1343
50.0611
49.7192
50.0855
50.1343
49.9145
50.0855
49.9390
50.0611
49.8169
49.5971
50.0366
50.0122
50.4274
50.0611
49.6459
50.1099
49.7924
50.0122
50.0855
50.1099
49.6948
49.7924
50.1343
49.8901
49.9145
50.0366
49.9634
50.3053
49.8901
50.0122
50.1832
49.9390
49.7924
50.1587
50.1832
50.1343
50.0366
50.2076
50.1587
50.1587
50.0122
50.1099
50.2076
49.7924
49.9390
50.2320
49.9145
49.9390
50.0855
50.0611
50.0122
50.2320
49.7924
49.7436
50.2076
49.6948
50.0611
50.0611
49.9390
49.8901
50.2320
50.1587
50.0122
49.9390
50.1099
50.1343
50.0366
50.0611
50.2320
49.8901
50.1343
50.2076
50.1587
49.9390
50.0611
50.2564
50.1343
49.8413
49.9390
49.9145
49.9878
49.8413
49.8901
50.0611
49.6948
50.0611
50.2320
50.1587
50.2320
50.1343
49.9145
50.1587
50.0366
50.0366
50.2076
50.0855
49.8169
50.0122
49.9145
50.1099
50.1099
49.9390
50.0122
50.1343
49.8413
50.3053
50.1587
50.2076
49.8901
49.9390
49.9145
50.0122
49.6948
50.1099
50.1343
50.0122
50.0855
50.0855
49.9390
50.0855
50.0122
50.1343
50.2076
50.0122
50.2564
49.9634
49.7192
50.0122
50.2076
50.1832
49.9390
49.9390
50.2808
49.7924
50.2564
49.5727
49.9634
49.8413
50.0855
50.4518
50.0611
49.9634
49.7436
49.9390
50.0122
49.8657
50.2320
49.8413
50.2076
50.1343
49.8901
50.0122
49.8901
49.8901
50.3297
50.0122
50.0366
49.7680
49.8901
49.9145
50.0122
49.8901
50.1832
49.9390
50.1587
49.9145
50.0855
49.8901
50.2076
49.8413
50.2076
50.0611
49.8901
49.8169
50.1343
50.0855
49.9390
50.1099
50.1099
49.9145
50.3297
50.3053
50.2564
49.8413
50.2564
49.9390
49.8901
49.8657
49.8413
50.2564
50.1587
49.8901
50.1099
50.1343
50.2076
49.9145
49.8657
50.1343
50.1099
50.0366
50.1099
50.2320
49.9634
49.8901
49.8657
50.1832
49.8413
50.0366
50.0122
50.1099
50.0855
50.2564
50.1832
49.8413
49.8901
50.1099
49.8413
50.0366
49.7680
49.9634
50.1343
49.6948
49.9390
50.0611
50.1099
50.1587
50.1099
50.2076
50.0366
50.1832
50.1343
50.2076
49.9390
50.1343
49.9390
50.0122
49.7924
49.7680
49.9145
49.8413
49.7436
50.1587
50.1587
50.2564
49.9390
49.9390
50.1099
49.9145
49.9390
49.9634
50.1587
49.9878
50.0366
50.0366
50.2076
50.2076
49.7192
50.1343
49.7436
49.9390
50.2076
49.7436
50.0855
50.2076
49.9145
50.1099
50.0611
49.9390
49.8657
49.7924
50.1832
50.2076
49.8169
50.0366
50.2320
49.9390
50.2320
49.9145
49.9634
49.8901
49.7924
49.8657
50.0611
49.9634
50.4274
49.8901
50.1343
50.0122
50.1099
50.0122
49.9634
49.8901
50.2076
50.1343
49.8657
49.8657
49.9390
49.7924
49.8657
50.0611
50.0855
50.1343
49.7924
50.0611
50.0122
50.1099
50.0122
49.9145
49.8657
50.1343
50.3541
49.9390
49.9390
49.8413
49.9390
50.2076
49.9390
50.1343
49.8413
49.5971
50.2076
50.1099
49.6703
49.6948
50.1099
49.9390
50.0122
50.0855
50.1587
50.1587
50.2808
50.0366
50.0122
49.7924
49.8657
50.0122
50.0611
49.3040
50.0122
49.9145
50.1099
50.0366
50.0611
50.0122
49.9145
50.2076
49.8657
49.5727
49.9390
50.1099
50.1832
50.1587
49.8169
50.1832
50.2564
50.0366
50.1587
49.8901
50.0122
49.9634
49.9390
49.9878
50.1099
50.0611
50.1099
49.9634
49.8413
50.2076
49.9390
50.0122
50.1099
50.2320
49.9145
50.1099
49.8657
49.7192
49.8901
50.1099
50.2320
49.9634
50.1343
50.1343
50.0611
50.1099
49.9145
49.8901
49.8413
49.8901
49.9145
50.1343
50.0611
50.1099
49.8901
50.0855
50.2564
50.0611
49.7436
50.1099
50.0122
49.9390
50.1343
50.0611
50.1587
50.2320
49.8169
49.8657
50.0855
50.1099
49.9145
49.8657
50.1099
49.9390
49.7192
50.1832
49.7924
50.0122
50.2076
50.1099
49.8169
50.0611
50.0611
50.1343
50.1099
50.2076
50.2076
49.8901
50.0366
50.4274
49.7680
49.8413
50.0122
50.0122
50.1099
50.0122
50.1099
50.0122
50.1587
50.0855
49.8169
49.9390
50.0122
50.3297
49.9145
49.8413
50.2808
50.0611
50.2076
49.8413
49.8169
50.0611
50.2076
50.2076
50.2076
49.7680
50.0611
49.8901
50.0611
50.0366
50.0611
49.8657
50.0122
49.8657
50.1587
50.0855
50.1343
49.6948
49.8657
50.0855
50.3053
50.0611
49.8901
49.8413
49.9390
50.1587
50.1587
49.8901
50.2076
49.7436
49.9145
50.0855
50.4029
50.1099
50.0122
49.9634
50.1343
50.2076
50.0855
50.2076
50.0611
50.1099
50.0611
49.9634
50.0366
50.0122
49.8657
50.2564
49.7924
50.1832
50.1099
49.8413
50.0122
50.1343
49.8413
50.2076
50.0855
49.9390
49.8901
50.0611
50.2076
50.1099
50.0122
50.2076
50.1832
50.0122
50.1587
50.0855
49.9145
50.2808
50.1832
49.9390
50.0122
49.8657
50.1587
50.1343
49.9145
49.7436
50.2564
49.9390
49.8169
50.0611
50.2076
49.8413
49.9390
49.9634
49.9634
49.9390
50.0366
50.2076
49.9390
49.8657
49.9390
50.1832
50.0122
50.1343
50.0611
50.0611
50.0611
50.0366
50.0122
50.0611
50.2808
49.9878
49.7436
49.8901
50.0122
50.0855
50.0855
50.0366
50.1587
50.0122
50.0366
50.0611
50.0122
49.9390
50.1099
50.2076
50.1832
50.1587
49.8657
49.9390
50.0366
49.8901
49.9390
49.9390
50.0855
49.9390
50.1343
49.8657
50.2076
49.8657
50.3053
50.0855
49.7680
49.9145
49.7680
50.3053
50.0122
49.6948
50.0611
50.0855
49.9390
50.0855
50.1099
49.9145
50.0611
50.0366
49.8657
49.9390
50.0611
50.2320
50.0611
49.8169
50.1587
49.9390
49.8901
50.2076
50.0611
49.9634
49.9145
49.7436
50.1587
50.1587
50.0122
49.9390
50.0122
50.0855
50.1587
49.8657
50.3297
50.1587
49.9634
50.2076
50.3785
49.7680
50.2076
49.9390
50.0611
50.1099
49.8657
49.5727
50.2076
50.0122
50.1587
49.8901
49.9634
47.4481
44.9573
43.9805
45.0794
43.9560
43.6630
42.8571
42.5641
43.6630
42.9304
42.8816
42.5641
42.4664
43.4676
42.9548
42.7106
42.5641
41.0501
43.5653
42.9304
43.0769
43.4921
44.4200
44.2491
43.6142
43.8095
44.1026
44.6398
44.3712
43.8095
43.5897
43.6142
43.7607
44.0049
43.8095
43.7363
43.9805
44.2491
44.2979
44.1514
43.8828
43.5165
44.4933
44.6886
44.2247
44.3223
44.7131
44.8107
44.8352
44.2002
44.3712
45.2259
45.0549
44.4689
43.3455
43.6874
43.9560
43.8584
43.3455
43.2234
42.3932
44.0537
43.8339
43.4676
43.5653
44.6154
44.1270
43.6142
43.7118
43.4676
44.2002
44.1514
43.8095
43.8095
43.5653
44.1026
44.0049
43.8828
43.6874
41.6361
44.1514
43.8828
43.7118
43.9316
44.5177
44.5910
44.2979
44.1270
43.7851
44.1270
44.6886
44.3468
44.2735
44.1514
44.5910
44.4933
44.0781
44.2491
42.2955
44.8840
44.5177
43.0769
43.8339
44.0781
44.8840
44.7131
44.2979
44.2979
44.5421
44.2491
44.0537
44.0049
44.1026
44.8596
44.7619
44.2979
44.3468
43.9805
45.1282
44.7131
44.6886
44.2491
42.4664
44.6642
43.2234
43.6630
43.8828
44.9084
44.7863
44.0537
44.4933
44.3468
44.7131
45.0794
44.5910
44.8596
44.5665
44.8107
45.0061
44.7619
43.9805
41.7338
44.9084
43.9072
44.1758
44.5421
44.7619
44.7863
44.1514
43.8584
44.4933
44.3956
44.3956
44.2735
44.5177
44.5177
44.6154
44.4689
43.7118
43.8095
42.1001
44.6886
43.9560
44.4689
44.2979
44.7131
44.9084
45.0794
44.5910
44.1758
44.5665
45.0305
44.8107
44.4444
44.3956
44.9328
44.6886
44.2979
44.3468
44.3468
44.7131
44.7375
44.4933
44.3956
42.7106
44.5665
44.8352
44.0293
44.3223
44.5910
43.8339
43.9560
44.3956
43.8339
44.2491
43.6386
43.8339
43.6386
44.2979
44.5910
44.2247
44.4933
43.8339
42.2466
44.3223
44.2491
43.5409
43.6630
44.6642
44.2247
43.8584
43.5653
43.5897
44.4444
44.2491
43.9560
44.2247
44.2491
44.5910
44.4689
44.1026
43.9805
42.5397
44.9084
44.3712
44.2735
44.0049
44.4689
44.5910
43.9805
43.8095
43.7607
44.3223
44.3223
43.7851
43.3455
43.2234
44.7619
43.6386
43.2479
43.4921
43.3700
44.6886
42.9548
43.1502
43.1502
42.8571
44.8352
44.5421
44.8596
44.3468
44.6398
44.4689
44.2979
43.8828
44.0049
44.6398
44.0293
44.2735
43.1990
43.9805
44.4200
43.6142
44.2491
44.5665
42.0757
45.1526
45.1526
42.4420
41.7338
44.2491
43.3944
43.3700
43.4676
44.0781
44.7863
44.9817
44.5665
44.4444
44.3956
44.9084
44.8840
45.1038
44.6398
42.4664
45.5434
45.4945
45.1282
44.3956
44.5910
45.7631
45.3480
45.2747
44.9573
45.1526
45.7143
45.2015
44.7863
44.9084
45.5678
45.3968
45.3724
44.9573
44.9328
45.3480
45.1038
44.9328
44.9573
43.0281
45.1526
44.9328
45.1770
44.8107
44.7619
45.2503
44.9817
44.5665
44.4933
44.9084
45.1770
44.5665
44.6886
44.6154
44.8596
45.2991
44.6886
44.7375
42.1001
45.3480
45.2503
44.7863
44.3956
44.5665
44.8596
44.9573
44.8596
42.5153
44.4933
44.4689
43.9316
44.2979
42.6618
44.8352
44.6886
45.0061
42.0757
40.9035
44.5665
45.0794
42.8571
42.2711
44.1758
44.9817
43.1746
42.7106
42.6374
44.4933
44.7619
44.5177
42.5885
42.5153
44.8596
45.1282
42.8571
42.1490
42.0513
44.9328
44.6642
45.1526
44.4689
43.0525
44.4444
44.2002
43.9316
43.2479
44.7375
44.3712
44.2979
43.9316
43.9560
44.3468
44.5910
44.4444
44.2002
44.1514
44.3956
44.6642
44.3223
42.2711
41.2454
44.0293
43.0281
42.1734
41.9048
44.3223
43.4188
43.7118
42.6129
42.5397
44.4689
43.3455
42.8327
42.5641
42.2466
43.8584
43.3455
42.8327
42.7595
40.8303
44.0781
43.3700
42.6862
42.6374
44.1026
44.1026
43.2967
42.6618
42.5641
44.6154
44.0049
43.2234
42.7839
42.7595
44.9084
44.1026
43.6630
43.0281
42.8816
44.7863
43.7607
43.1258
43.6386
42.8571
44.7375
43.6630
43.0037
42.7350
44.3712
44.1270
43.4676
43.0525
42.7595
45.0549
43.6386
43.0769
43.1258
42.5885
44.2247
43.4432
42.9548
43.1013
41.6606
43.3455
42.5397
42.1978
42.2711
44.2002
43.0281
42.6374
42.2711
41.7338
43.7118
42.9060
42.4664
41.9536
42.2222
43.1502
43.1746
42.1001
41.7094
40.4151
42.6618
42.5397
42.0024
41.5629
43.9072
42.4420
42.1490
41.8315
41.7827
43.8828
42.8083
41.9048
41.4408
41.7582
42.9060
42.7595
41.9048
41.6850
41.6117
42.5153
42.4420
41.9536
41.5629
42.9304
42.6129
42.3932
42.0024
41.9048
44.0293
42.8327
42.3443
42.0269
41.8071
43.3700
42.9060
42.4176
41.8315
42.0757
43.2234
42.5153
42.1978
41.6606
41.6850
43.1990
42.3443
42.1734
42.3687
44.1026
43.6874
42.6618
42.1245
41.8315
43.6630
42.8816
42.2466
42.1978
42.1978
43.1990
43.0037
42.6374
42.2711
40.7814
43.2723
42.7839
42.4420
42.2711
44.3468
43.2234
42.8816
42.5153
42.3932
43.9560
43.2723
42.7595
42.3932
42.2955
42.9060
42.9548
42.5885
42.0513
42.4420
43.8095
43.0037
42.6618
42.5397
43.0769
43.8339
42.8816
42.8327
42.5397
44.4689
43.7607
42.9548
42.7106
42.6618
43.9805
43.9072
41.9780
41.8559
41.7582
42.7106
42.9548
42.2466
42.4664
41.4896
43.2723
42.7106
42.1001
42.5153
44.2491
43.5653
42.9792
42.9304
42.7106
44.0293
43.3211
43.1746
42.7350
42.4420
44.7131
43.8095
43.3944
42.8816
41.3675
44.2247
43.3455
42.9304
43.1746
44.2247
44.7131
43.5897
43.1990
43.1990
44.7619
43.9560
43.6630
43.3944
43.4188
45.2503
43.5409
43.0769
43.1013
42.8083
44.1758
43.0525
42.9792
42.7595
43.0769
43.8828
43.0525
42.7106
42.4420
44.1026
43.4676
42.9060
42.6129
42.3443
44.7619
43.5653
43.0281
42.5397
42.9304
44.3223
43.4921
43.0769
42.8083
42.2222
44.1758
43.1990
42.9548
42.6862
44.1026
43.9805
43.1502
43.1502
43.1990
44.5421
44.1270
43.2723
43.1258
43.0281
44.4689
43.5653
43.6386
43.1746
41.3431
44.5177
43.4432
43.2479
43.3211
44.4444
44.4444
43.7363
43.3455
43.2479
44.2247
43.9072
43.6386
43.3700
43.0769
43.5165
43.8095
43.5897
43.3455
43.1502
43.7851
43.1746
43.1258
43.3455
43.4921
43.8339
43.4676
42.9060
43.1502
44.2247
43.2967
43.3211
43.1746
43.0037
43.6630
43.5897
43.2234
43.1746
43.1746
42.6618
43.2723
43.1013
42.9304
42.1734
43.6142
43.2479
43.5897
42.7350
44.2002
43.3211
42.8816
43.0037
43.1013
43.9316
43.6142
43.1746
42.8571
42.0513
42.9060
43.3455
43.1502
43.0769
41.3675
42.8083
43.4432
43.4188
43.1746
44.2979
43.4921
42.9792
43.3211
43.3455
43.8584
43.5409
43.1746
43.2234
43.0525
43.4921
43.1990
43.1746
43.2234
43.4921
44.0781
43.7607
43.4921
43.1013
43.5409
43.6630
43.8095
43.1258
43.3211
44.4933
43.4432
43.7118
43.3700
43.1502
43.3455
43.6630
43.4432
43.3211
43.4921
43.4188
43.5409
43.4921
42.9304
42.2955
42.7350
42.9304
42.9548
42.5397
44.2491
42.6862
42.5885
42.3199
42.4908
43.3700
42.8327
42.8327
42.5885
42.4908
43.4188
43.0769
42.8083
42.7350
41.2210
43.0525
42.5885
40.5372
40.6593
44.2491
40.8791
40.9035
40.3907
39.9756
43.4188
40.8791
40.5861
40.3419
40.3419
42.4664
41.2454
41.4164
41.6117
41.8071
42.5885
42.0269
42.0513
41.8071
44.0537
42.3443
42.3687
41.9780
41.8559
44.1514
43.0037
42.4664
41.9292
41.7094
43.5165
42.9548
42.5641
42.1978
42.0024
42.3932
41.9780
42.1978
42.2711
42.7106
42.8571
49.8413                                                                   
49.6703
49.5482
49.6459
49.7680
47.2039
42.5885
40.7326
41.1477
40.8059
42.9060
41.7338
41.8559
41.3187
41.4896
42.3443
41.8559
41.8559
41.5385
43.3211
42.8571
42.3932
42.1245
41.9292
43.8828
42.5885
42.3199
42.2711
42.1245
43.3944
43.2723
43.0769
42.8083
42.8816
43.0525
43.1502
42.8816
42.5885
42.0513
42.6618
43.0525
43.1013
43.1502
44.3712
43.1013
43.3455
43.2479
43.2234
44.2002
43.6142
43.3455
43.6874
43.5165
44.0049
43.9805
43.6142
43.1258
41.1966
43.1990
43.5897
43.6386
43.3455
44.2247
43.9316
43.5409
43.2479
43.3455
44.0781
43.8339
43.4432
43.2234
43.1013
43.7851
43.5409
43.3211
42.9792
42.7595
42.7595
43.1258
49.9390
49.8413
49.7680
49.8169
49.8901
47.4725
43.5165
42.7106
42.9792
42.8816
43.5165
42.2711
42.6374
42.6129
42.8327
43.2479
42.4420